x_value,y_value,x_nom,y_nom,record_timestamp,sensor_timestamp,frame_rate,is_event,event_string
609.0751953125,449.0888671875,0.5598117603975183,0.5841769748263889,1.0541341304779053,1626065184.8051898,0.06190094076116759,false, 
607.7340087890625,447.7992248535156,0.5585790521958295,0.5853710880985967,1.0853772163391113,1626065184.8455067,32.00708164495624,false, 
610.7670288085938,447.9648132324219,0.5613667544196633,0.5852177655255353,1.179105281829834,1626065184.8856819,10.669162910430297,false, 
611.0509643554688,447.616455078125,0.5616277245914235,0.5855403193721065,1.179105281829834,1626065184.9255009,10.669162910430297,false, 
608.7936401367188,446.49371337890625,0.5595529780668371,0.5865798950195312,1.2572126388549805,1626065184.9651096,12.802891277937523,false, 
606.100341796875,447.4790954589844,0.5570775200338924,0.5856675042046441,1.335319995880127,1626065185.0011227,12.802891277937523,false, 
607.5711669921875,447.003173828125,0.5584293814266429,0.5861081723813657,1.335319995880127,1626065185.0372696,12.802891277937523,false, 
605.6118774414062,447.36566162109375,0.556628563824822,0.5857725355360244,1.4602913856506348,1626065185.0772805,8.001831473878603,false, 
602.9974365234375,447.80413818359375,0.5542255850399241,0.5853665387188947,1.4602913856506348,1626065185.1171327,8.001831473878603,false, 
569.3055419921875,441.84405517578125,0.5232587702134076,0.5908851340964989,1.4602913856506348,1626065185.1531415,8.001831473878603,false, 
575.5282592773438,442.5194091796875,0.5289781794828528,0.5902598063151041,1.507155418395996,1626065185.1932676,21.338325820860593,false, 
578.2362670898438,442.75909423828125,0.5314671572516946,0.5900378757052951,1.6789913177490234,1626065185.2331336,5.819505724735408,false, 
578.509521484375,444.0130310058594,0.5317183101878447,0.5888768231427228,1.7102341651916504,1626065185.2599776,32.00732589551441,false, 
578.2927856445312,445.6048889160156,0.5315191044526941,0.5874028806333189,1.7258555889129639,1626065185.2998145,64.01465179102883,false, 
575.06787109375,445.24493408203125,0.5285550285788143,0.5877361721462674,1.7258555889129639,1626065185.3398004,64.01465179102883,false, 
573.4324340820312,445.42657470703125,0.5270518695606905,0.5875679863823784,1.7258555889129639,1626065185.3757865,64.01465179102883,false, 
575.2276000976562,446.67034912109375,0.5287018383250517,0.5864163434063947,1.8352057933807373,1626065185.4158428,9.144930316931504,false, 
576.7254638671875,445.62646484375,0.5300785513485179,0.5873829029224538,1.850827693939209,1626065185.4558427,64.01269783129588,false, 
576.3837890625,447.7925109863281,0.5297645120059743,0.5853773046422888,1.850827693939209,1626065185.4958055,64.01269783129588,false, 
576.8987426757812,447.612548828125,0.5302378149593577,0.5855439362702546,1.850827693939209,1626065185.5318155,64.01269783129588,false, 
577.3401489257812,447.71734619140625,0.5306435192332548,0.5854469016746238,1.850827693939209,1626065185.5678005,64.01269783129588,false, 
577.143798828125,446.2441101074219,0.5304630503934973,0.5868110091597946,1.850827693939209,1626065185.6038187,64.01269783129588,false, 
576.5294799804688,444.64166259765625,0.5298984190996956,0.588294756854022,2.0382843017578125,1626065185.6439335,5.334567885532591,false, 
578.1029663085938,444.89190673828125,0.531344638151281,0.5880630493164063,2.0382843017578125,1626065185.6838377,5.334567885532591,false, 
578.56982421875,445.0318603515625,0.5317737354951746,0.5879334626374422,2.1007707118988037,1626065185.7158225,16.00347976053753,false, 
576.7448120117188,445.6882019042969,0.5300963345695945,0.5873257389775028,2.1007707118988037,1626065185.7558055,16.00347976053753,false, 
580.5481567382812,443.9676818847656,0.5335920558256262,0.5889188130696614,2.1788768768310547,1626065185.7958596,12.803086681664587,false, 
577.134765625,444.1515808105469,0.5304547478170956,0.5887485362865307,2.1788768768310547,1626065185.8359184,12.803086681664587,false, 
577.62548828125,445.2555236816406,0.5309057796702665,0.5877263669614439,2.21012020111084,1626065185.8718107,32.00683739812582,false, 
578.27783203125,445.3907775878906,0.5315053603228401,0.5876011318630643,2.21012020111084,1626065185.9078245,32.00683739812582,false, 
578.1143188476562,446.9363098144531,0.5313550724702722,0.586170083505136,2.288227081298828,1626065185.9438426,12.802969438712593,false, 
575.5302124023438,446.69342041015625,0.5289799746345071,0.5863949811017072,2.413198709487915,1626065185.9840355,8.001816208131347,false, 
575.0357666015625,447.30072021484375,0.5285255207734949,0.5858326664677374,2.413198709487915,1626065186.0278344,8.001816208131347,false, 
576.4942016601562,447.15142822265625,0.5298659941729378,0.5859708997938369,2.413198709487915,1626065186.0638366,8.001816208131347,false, 
582.3307495117188,447.0244140625,0.5352304683012121,0.5860885054976852,2.5225484371185303,1626065186.1038356,9.144970194877967,false, 
582.1982421875,445.98681640625,0.5351086784811581,0.5870492440682871,2.5225484371185303,1626065186.1359096,9.144970194877967,false, 
581.0900268554688,446.1201171875,0.534090098212747,0.5869258174189815,2.5225484371185303,1626065186.1797657,9.144970194877967,false, 
580.9777221679688,446.6463317871094,0.5339868769926184,0.5864385816786024,2.5225484371185303,1626065186.2118857,9.144970194877967,false, 
582.1840209960938,446.0919494628906,0.5350956075331744,0.5869518986454716,2.5225484371185303,1626065186.2518024,9.144970194877967,false, 
582.5006713867188,446.4892272949219,0.5353866464951459,0.5865840488009982,2.538170337677002,1626065186.2920995,64.01269783129588,false, 
581.5860595703125,446.3927917480469,0.5345460106344784,0.5866733409740307,2.7412495613098145,1626065186.3319225,4.92418664061913,false, 
583.7174682617188,447.4002685546875,0.5365050259758445,0.585740492078993,2.788113594055176,1626065186.3682494,21.338325820860593,false, 
570.8482666015625,445.02667236328125,0.5246767156264361,0.5879382663302951,2.788113594055176,1626065186.4082046,21.338325820860593,false, 
568.0969848632812,443.09149169921875,0.5221479640287512,0.5897301002785011,2.788113594055176,1626065186.4438355,21.338325820860593,false, 
568.5651245117188,442.5869445800781,0.522578239440918,0.5901972735369647,2.850599765777588,1626065186.4797814,16.00354082247812,false, 
566.1089477539062,441.1264953613281,0.5203207240385168,0.5915495413321036,2.850599765777588,1626065186.5198076,16.00354082247812,false, 
567.5266723632812,438.3317565917969,0.5216237797456629,0.594137262415003,2.9443278312683105,1626065186.5678217,10.669162910430297,false, 
567.5894165039062,438.342041015625,0.5216814489925609,0.5941277398003473,3.022434949874878,1626065186.6039073,12.802930358205765,false, 
566.1502685546875,436.9238586425781,0.5203587027157054,0.5954408716272425,3.053677797317505,1626065186.6398077,32.00732589551441,false, 
566.3795776367188,437.52435302734375,0.5205694647396312,0.5948848583080151,3.053677797317505,1626065186.6798108,32.00732589551441,false, 
568.9901123046875,438.55926513671875,0.5229688532212201,0.59392660635489,3.0692992210388184,1626065186.7198186,64.01465179102883,false, 
569.6056518554688,436.4616394042969,0.5235346064848059,0.5958688524034288,3.0692992210388184,1626065186.7598965,64.01465179102883,false, 
566.6253662109375,437.7884521484375,0.5207953733556411,0.59464032208478,3.0692992210388184,1626065186.7998176,64.01465179102883,false, 
565.3899536132812,438.1148986816406,0.5196598838357365,0.5943380567762586,3.131784200668335,1626065186.8318124,16.003846139170715,false, 
564.6728515625,437.1598205566406,0.5190007826861214,0.5952223883734808,3.131784200668335,1626065186.8719304,16.003846139170715,false, 
564.16796875,437.2988586425781,0.5185367359834558,0.5950936494050203,3.2723779678344727,1626065186.9078085,7.112690840827346,false, 
565.7588500976562,436.616455078125,0.5199989431044635,0.5957255045572917,3.2723779678344727,1626065186.9478126,7.112690840827346,false, 
566.9790649414062,437.2112121582031,0.5211204641005572,0.5951748035572193,3.3661065101623535,1626065186.9877987,10.669108631838139,false, 
569.8717041015625,437.2240295410156,0.5237791397992302,0.5951629356101706,3.3661065101623535,1626065187.0278926,10.669108631838139,false, 
571.006591796875,436.7303466796875,0.5248222351074219,0.5956200493706597,3.3973495960235596,1626065187.0639226,32.00708164495624,false, 
570.853759765625,437.0622253417969,0.5246817644904641,0.5953127543131511,3.3973495960235596,1626065187.1038175,32.00708164495624,false, 
570.9578857421875,437.7192077636719,0.52477746851304,0.5947044372558594,3.3973495960235596,1626065187.1401434,32.00708164495624,false, 
566.0548706054688,438.5287780761719,0.5202710207770852,0.5939548351146557,3.491077423095703,1626065187.1758525,10.669190049933482,false, 
569.16015625,438.9604797363281,0.5231251436121324,0.5935551113552517,3.5691850185394287,1626065187.2159326,12.802852197907859,false, 
569.265625,440.6630859375,0.5232220818014706,0.5919786241319445,3.5691850185394287,1626065187.2557936,12.802852197907859,false, 
570.9531860351562,440.4722595214844,0.5247731489293715,0.5921553152578849,3.6004281044006348,1626065187.2878265,32.00708164495624,false, 
570.513427734375,438.40057373046875,0.5243689593146829,0.5940735428421586,3.6004281044006348,1626065187.3278434,32.00708164495624,false, 
575.5425415039062,439.06646728515625,0.5289913065293256,0.5934569747359664,3.6160497665405273,1626065187.3680117,64.01367479625164,false, 
573.52490234375,439.03265380859375,0.527136858771829,0.5934882835105613,3.709778308868408,1626065187.4078875,10.669108631838139,false, 
566.2955932617188,438.57550048828125,0.5204922732184915,0.5939115736219618,3.7410216331481934,1626065187.4478335,32.00683739812582,false, 
569.67431640625,438.6059875488281,0.5235977172851562,0.5938833448621962,3.756643295288086,1626065187.4879365,64.01367479625164,false, 
568.0369262695312,439.8706359863281,0.522092763115378,0.5927123740867333,3.8191275596618652,1626065187.5278196,16.004029334778195,false, 
572.412109375,443.4422302246094,0.5261140711167279,0.589405342384621,3.8659920692443848,1626065187.5679283,21.338108707596508,false, 
572.3662109375,442.5715637207031,0.5260718850528493,0.5902115150734231,3.8659920692443848,1626065187.6038296,21.338108707596508,false, 
575.6813354492188,442.5743408203125,0.5291188744937673,0.5902089436848958,3.8816139698028564,1626065187.6398087,64.01269783129588,false, 
575.97021484375,442.83416748046875,0.5293843886431526,0.5899683634440105,3.9753425121307373,1626065187.6798108,10.669108631838139,false, 
575.427001953125,444.0299072265625,0.5288851120892692,0.5888611970124421,3.9753425121307373,1626065187.7158225,10.669108631838139,false, 
575.58349609375,443.523193359375,0.529028948615579,0.5893303765190971,4.006585359573364,1626065187.7558286,32.00732589551441,false, 
574.416015625,441.53369140625,0.5279558967141544,0.5911725079571759,4.0846922397613525,1626065187.7998636,12.802969438712593,false, 
573.9401245117188,441.0739440917969,0.5275184967938591,0.5915981999150028,4.100314140319824,1626065187.8398345,64.01269783129588,false, 
575.3029174804688,441.08160400390625,0.5287710638607249,0.5915911074037905,4.1784210205078125,1626065187.8798075,12.802969438712593,false, 
573.501953125,439.8159484863281,0.5271157657398897,0.5927630106608073,4.1784210205078125,1626065187.9198287,12.802969438712593,false, 
571.265625,440.5392761230469,0.5250603170955882,0.5920932628490307,4.209664583206177,1626065187.9600384,32.00659315502308,false, 
572.8051147460938,441.82659912109375,0.5264752892886891,0.5909012971100984,4.302786350250244,1626065187.9998333,10.73862783903979,false, 
589.1473999023438,440.9786071777344,0.541495771969066,0.5916864748354311,4.336695671081543,1626065188.0359404,29.490416660807448,false, 
587.5220947265625,443.558349609375,0.5400019253001493,0.5892978244357638,4.354647397994995,1626065188.0758197,55.70494720764991,false, 
591.5431518554688,448.3984069824219,0.5436977498671588,0.5848162898310909,4.359634637832642,1626065188.1158216,200.51171240080313,false, 
595.5140380859375,447.5332946777344,0.5473474614760455,0.5856173197428385,4.469341278076172,1626065188.1560364,9.115218529891795,false, 
592.6224975585938,446.301513671875,0.544689795550178,0.5867578577112269,4.477319717407227,1626065188.2000515,125.337795840306,false, 
591.3303833007812,446.5173034667969,0.5435021905338063,0.5865580523455585,4.484301567077637,1626065188.2358334,143.22852069389427,false, 
592.9915771484375,446.9366149902344,0.5450290231143727,0.5861698009349682,4.584035634994507,1626065188.2720253,10.026664116754121,false, 
594.0658569335938,446.62060546875,0.5460164126227883,0.58646240234375,4.588024616241455,1626065188.3119707,250.69057438288206,false, 
593.1805419921875,446.08642578125,0.545202704036937,0.5869570131655093,4.615950107574463,1626065188.3518217,35.809575848644215,false, 
592.5176391601562,445.9578857421875,0.5445934183457318,0.5870760317201967,4.682772397994995,1626065188.3921895,14.965066203308917,false, 
590.6534423828125,447.4705810546875,0.542880002190085,0.5856753879123264,4.691747665405273,1626065188.4358344,111.41729313321822,false, 
591.9645385742188,445.64703369140625,0.5440850538365981,0.5873638576931424,4.762559652328491,1626065188.4718826,14.12190285077456,false, 
592.3087158203125,444.8660583496094,0.5444013932171989,0.5880869830096209,4.765552043914795,1626065188.5079465,334.18086208270256,false, 
593.7997436523438,446.881103515625,0.5457718232098747,0.5862212004484953,4.839354753494263,1626065188.5398135,13.549638024105882,false, 
593.5162353515625,446.4533996582031,0.5455112457275391,0.5866172225387007,4.851322650909424,1626065188.5797915,83.55686594816423,false, 
587.639892578125,447.2066345214844,0.540110195384306,0.5859197828504774,4.919142007827759,1626065188.6198115,14.745052820305496,false, 
561.2647705078125,444.8114929199219,0.5158683552461512,0.5881375065556279,4.926123142242432,1626065188.6599073,143.243195246064,false, 
558.6862182617188,433.6158752441406,0.5134983623729032,0.5985038192183882,4.964022397994995,1626065188.7002704,26.38574241480615,false, 
550.4742431640625,404.6513977050781,0.5059505911434398,0.6253227799027055,4.977985382080078,1626065188.7360244,71.61792879706309,false, 
557.9736328125,345.6905822753906,0.512843412511489,0.6799161275227865,5.014886856079102,1626065188.7718318,27.099188504677727,false, 
565.1312866210938,291.260009765625,0.5194221384385053,0.7303148057725695,5.049793243408203,1626065188.8078134,28.648052019015353,false, 
551.1317138671875,317.4845275878906,0.5065548840691062,0.7060328448260271,5.084700107574463,1626065188.8478255,28.647660678915376,false, 
561.2164306640625,412.3315124511719,0.5158239252427045,0.6182115625452111,5.128584146499634,1626065188.8798156,22.787328251739893,false, 
562.6815185546875,424.0476989746094,0.5171705133774701,0.6073632416901765,5.1664838790893555,1626065188.9198165,26.385410441423478,false, 
565.4957885742188,429.0242919921875,0.5197571586160099,0.6027552851924189,5.214354515075684,1626065188.9678056,20.889632640051,false, 
565.5446166992188,427.9561767578125,0.5198020374073702,0.6037442807798032,5.248263597488403,1626065188.9998345,29.490624011249782,false, 
580.1487426757812,362.0349426269531,0.533224947312299,0.664782460530599,5.281176805496216,1626065189.0398386,30.382939267501158,false, 
568.1167602539062,254.78848266601562,0.5221661399392521,0.7640847382722078,5.32306432723999,1626065189.0798075,23.87345821309245,false, 
579.2088012695312,320.320068359375,0.5323610305786133,0.7034073441116898,5.36395525932312,1626065189.1198616,24.455299721880486,false, 
561.0048828125,414.9137878417969,0.515629487879136,0.6158205668131511,5.399860382080078,1626065189.1598165,27.85117897434876,false, 
563.5711059570312,434.5111083984375,0.5179881488575655,0.5976748996310763,5.437759160995483,1626065189.1998334,26.386074396542504,false, 
564.130615234375,441.04608154296875,0.5185024037080652,0.5916239985713252,5.475658178329468,1626065189.2358124,26.385908404630097,false, 
564.946044921875,445.9031677246094,0.5192518795237822,0.5871266965512876,5.50857138633728,1626065189.2719505,30.382939267501158,false, 
565.9722900390625,442.8168640136719,0.5201951195211971,0.589984385172526,5.554447412490845,1626065189.3078175,21.79787753744452,false, 
570.5148315429688,441.9675598144531,0.5243702495799345,0.5907707779495804,5.601322412490845,1626065189.3478134,21.79697130325424,false, 
577.2045288085938,444.3200378417969,0.5305188683902516,0.5885925575538917,5.633236646652222,1626065189.3881214,30.384700086931325,false, 
577.5862426757812,446.3496398925781,0.5308697083417107,0.586713296395761,5.670138120651245,1626065189.4282765,27.099188504677727,false, 
582.2767333984375,447.28546142578125,0.5351808211382698,0.5858467949761285,5.7040486335754395,1626065189.4678307,29.489379952331067,false, 
581.293212890625,449.25732421875,0.5342768500832951,0.58402099609375,5.745445489883423,1626065189.5040085,24.156423680103206,false, 
578.0933837890625,455.84173583984375,0.5313358306884766,0.5779243186668113,5.783344745635986,1626065189.5439856,26.38574241480615,false, 
577.725341796875,457.64447021484375,0.5309975567985984,0.576255120171441,5.82024621963501,1626065189.5758395,27.099188504677727,false, 
577.1732788085938,456.5736083984375,0.530490145963781,0.5772466588903357,5.862641334533691,1626065189.6158385,23.587623300228323,false, 
574.8968505859375,458.4258728027344,0.528397840612075,0.5755315992567274,5.907520532608032,1626065189.6558406,22.282038069029998,false, 
575.0411987304688,461.18841552734375,0.5285305135390338,0.5729736893265336,5.941431522369385,1626065189.6958356,29.488965289349167,false, 
582.8858032226562,460.5195007324219,0.5357406279620003,0.5735930548773871,5.977840900421143,1626065189.7359946,27.465451307035465,false, 
578.5936279296875,459.17657470703125,0.5317956139059627,0.574836504900897,6.0127482414245605,1626065189.7758114,28.64726934950687,false, 
574.2640991210938,459.2451477050781,0.5278162675745347,0.5747730113841869,6.055633783340454,1626065189.8158407,23.317881862404448,false, 
576.1617431640625,458.4665832519531,0.5295604257022634,0.5754939043963396,6.091537952423096,1626065189.8518727,27.851918747883367,false, 
575.8920288085938,457.8741149902344,0.5293125264784869,0.5760424861201534,6.137414455413818,1626065189.8879046,21.79765097183245,false, 
573.7909545898438,455.3529357910156,0.5273813920862535,0.5783769113046151,6.170327663421631,1626065189.9278355,30.382939267501158,false, 
570.41259765625,455.3653869628906,0.5242762846105239,0.5783653824417679,6.212216377258301,1626065189.9678175,23.872778808610423,false, 
571.3505859375,458.06610107421875,0.5251384061925551,0.5758647212275751,6.252110004425049,1626065190.0079083,25.066660291885302,false, 
574.4852905273438,458.1019287109375,0.5280195684993968,0.5758315474898728,6.290008544921875,1626065190.0477977,26.386240390543414,false, 
575.1979370117188,457.7311706542969,0.5286745744593003,0.5761748419867622,6.327907085418701,1626065190.0878124,26.386240390543414,false, 
580.7927856445312,456.286865234375,0.5338168985703412,0.5775121618200232,6.380766153335571,1626065190.1279256,18.918229916060387,false, 
578.877685546875,456.96636962890625,0.5320566962747013,0.576882991084346,6.412681818008423,1626065190.1678224,31.332576346142353,false, 
580.9771118164062,457.7867431640625,0.5339863160077263,0.5761233859592014,6.45058012008667,1626065190.2078495,26.386406386632864,false, 
580.38720703125,453.4527282714844,0.5334441241096047,0.5801363627115885,6.4934656620025635,1626065190.2438114,23.317881862404448,false, 
580.1124267578125,453.5759582519531,0.5331915687112248,0.5800222608778212,6.521390914916992,1626065190.2838376,35.80988158153116,false, 
580.2230224609375,451.8890075683594,0.5332932191736558,0.5815842522515191,6.567269802093506,1626065190.3238144,21.79651821441563,false, 
579.6820678710938,453.8088684082031,0.5327960182638729,0.5798066033257379,6.610154151916504,1626065190.3598125,23.31853004948018,false, 
575.0521240234375,451.0126037597656,0.5285405551686007,0.5823957372594764,6.660021781921387,1626065190.3998947,20.05308854465481,false, 
575.13671875,451.9617004394531,0.5286183076746324,0.5815169440375434,6.687947750091553,1626065190.4317956,35.80896439853154,false, 
575.1198120117188,452.0670166015625,0.5286027683931238,0.5814194290726273,6.715872287750244,1626065190.4717865,37.137124693424,false, 
577.7059326171875,452.1619873046875,0.5309797174790326,0.5813314932364004,6.7537713050842285,1626065190.5119424,25.70937153294962,false, 
581.4279174804688,453.41119384765625,0.5344006594489602,0.5801748205114294,6.7996485233306885,1626065190.5518444,21.797311132245106,false, 
584.0036010742188,453.765380859375,0.5367680156932157,0.5798468695746528,6.828572511672974,1626065190.5878165,34.57337861452735,false, 
577.5757446289062,453.3613586425781,0.5308600594015682,0.580220964219835,6.8624818325042725,1626065190.6240144,29.490416660807448,false, 
577.3287963867188,453.31475830078125,0.5306330849142635,0.5802641126844619,6.917335033416748,1626065190.6599805,18.230476678938242,false, 
576.7083740234375,453.0113220214844,0.5300628437715418,0.5805450722023293,6.946258068084717,1626065190.7001927,34.57451859667634,false, 
576.68310546875,451.30792236328125,0.5300396189970129,0.5821222941080729,6.989142894744873,1626065190.7398345,23.318270770325565,false, 
539.4122924804688,454.0242919921875,0.49578335705925436,0.5796071370442708,7.0270421504974365,1626065190.7839015,26.38574241480615,false, 
530.1514282226562,454.8897399902344,0.4872715332928826,0.5788057963053386,7.064941167831421,1626065190.8198345,26.385908404630097,false, 
524.1929931640625,455.11431884765625,0.4817950304816751,0.5785978529188368,7.097853183746338,1626065190.8558705,30.38403975572829,false, 
527.6612548828125,455.3437194824219,0.4849827710319968,0.5783854449236834,7.146723508834839,1626065190.8959925,20.46231528415383,false, 
528.3884887695312,457.5605163574219,0.4856511845308192,0.5763328552246094,7.177641868591309,1626065190.9280164,32.34324226370864,false, 
532.9116821289062,459.5799255371094,0.48980853136848,0.5744630319100839,7.217535018920898,1626065190.9677896,25.06695991011451,false, 
528.4599609375,459.6745300292969,0.4857168758616728,0.5743754351580584,7.252440690994263,1626065191.0078475,28.6486390492128,false, 
523.1071166992188,460.59124755859375,0.48079698226031137,0.5735266226309317,7.300313949584961,1626065191.0478156,20.8884882591698,false, 
522.936767578125,457.4169616699219,0.4806404113769531,0.5764657762315538,7.337215185165405,1626065191.0838115,27.09936359231142,false, 
524.8291015625,457.12945556640625,0.4823796889361213,0.5767319855866608,7.363146543502808,1626065191.1240485,40.10617708930962,false, 
525.901611328125,457.6180419921875,0.4833654515883502,0.5762795907479745,7.4110188484191895,1626065191.1638234,20.462514940846443,false, 
526.6724853515625,457.2737121582031,0.4840739755069508,0.5765984146683305,7.46786642074585,1626065191.1998224,17.590900702913988,false, 
527.3291625976562,460.679931640625,0.4846775391522576,0.573444507740162,7.490806341171265,1626065191.2399235,43.5921302888263,false, 
523.8247680664062,460.31396484375,0.48145658829632926,0.5737833658854167,7.519728422164917,1626065191.2798107,34.575658654004684,false, 
527.7245483398438,459.5782470703125,0.48504094516529755,0.5744645860460069,7.557627201080322,1626065191.3158097,26.386074396542504,false, 
526.6679077148438,459.5107421875,0.4840697681202608,0.5745270905671296,7.592534303665161,1626065191.3558686,28.647465012874715,false, 
524.0346069335938,459.0675048828125,0.4816494549022001,0.5749374954788773,7.6364171504974365,1626065191.3879924,22.787947277488616,false, 
531.3153076171875,461.91455078125,0.4883412753834444,0.5723013418692129,7.683292627334595,1626065191.4279115,21.333116321652,false, 
529.57470703125,461.5513916015625,0.48674145866842833,0.5726376003689236,7.706230640411377,1626065191.4678426,43.59575507488904,false, 
527.1870727539062,459.79498291015625,0.4845469418693991,0.5742639047128183,7.75527286529541,1626065191.5039084,20.39059203298039,false, 
530.3480834960938,464.4093933105469,0.48745228262508616,0.5699913024902343,7.786190748214722,1626065191.5439565,32.34374108375296,false, 
536.0966796875,463.78485107421875,0.4927359188304228,0.5705695823386863,7.827081918716431,1626065191.5799255,24.45515713369483,false, 
536.660400390625,463.6265563964844,0.49325404447667737,0.5707161514847368,7.860991716384888,1626065191.6201875,29.490001968670022,false, 
545.9725341796875,464.1925964355469,0.5018129909739775,0.5701920403374565,7.900885105133057,1626065191.6598516,25.066810100104586,false, 
544.1836547851562,461.893310546875,0.5001688003540039,0.5723210087528936,7.939780950546265,1626065191.6959126,25.7096867127209,false, 
548.9727783203125,462.3131408691406,0.5045705683091107,0.571932276973018,7.973690748214722,1626065191.7360685,29.490001968670022,false, 
548.6182250976562,459.6161193847656,0.5042446921853458,0.57442951908818,8.016576051712036,1626065191.7718055,23.318011496936744,false, 
551.2967529296875,461.0390930175781,0.506706574383904,0.5731119509096498,8.052480936050415,1626065191.8039896,27.851363914048182,false, 
555.9677734375,468.8308410644531,0.5109997917624081,0.5658973693847656,8.083398580551147,1626065191.8438516,32.34399049954503,false, 
557.4285278320312,467.7628173828125,0.5123423969044405,0.5668862802010995,8.134262561798096,1626065191.8838274,19.66027777387163,false, 
563.3576049804688,465.4090881347656,0.5177919163423426,0.5690656591344763,8.162188053131104,1626065191.9198196,35.809575848644215,false, 
565.3207397460938,466.647216796875,0.5195962681489832,0.5679192437065972,8.205073595046997,1626065191.9598753,23.317881862404448,false, 
565.968994140625,465.3666076660156,0.5201920902027803,0.5691049929018374,8.24297308921814,1626065191.9998705,26.38557642707062,false, 
525.5724487304688,465.73199462890625,0.4830629124360926,0.5687666716399016,8.280014753341675,1626065192.0398324,26.996627275301872,false, 
526.2172241210938,467.2328186035156,0.48365553687600527,0.5673770198115595,8.323897361755371,1626065192.0761926,22.788071086674236,false, 
529.5870361328125,464.6115417480469,0.4867527905632468,0.5698041280110677,8.36379098892212,1626065192.1158266,25.066660291885302,false, 
526.0713500976562,466.010498046875,0.4835214614868164,0.5685087981047454,8.397701025009155,1626065192.1560276,29.48979462697481,false, 
529.4930419921875,465.1017761230469,0.4866663988898782,0.5693502072934751,8.433604717254639,1626065192.1962466,27.85228864938808,false, 
531.20166015625,465.8628845214844,0.48823681999655333,0.5686454772949219,8.46950912475586,1626065192.2318485,27.85173380081544,false, 
532.2586669921875,465.5095520019531,0.48920833363252525,0.5689726370352286,8.508406162261963,1626065192.2679896,25.708898777781865,false, 
533.9497680664062,463.8876953125,0.4907626544727999,0.5704743561921296,8.549295663833618,1626065192.3078146,24.456155285913365,false, 
533.0964965820312,463.24224853515625,0.4899783975937787,0.5710719920970775,8.583205461502075,1626065192.3398206,29.490001968670022,false, 
534.0792236328125,463.6003112792969,0.49088163936839385,0.5707404525191695,8.626091718673706,1626065192.3798134,23.31749296745572,false, 
540.5870971679688,464.1189880371094,0.49686314077938304,0.5702601962619358,8.663990020751953,1626065192.4198186,26.386406386632864,false, 
543.6145629882812,462.5670471191406,0.49964573804069967,0.5716971785933883,8.70388388633728,1626065192.4601827,25.06651048545662,false, 
547.3280639648438,463.2348327636719,0.5030588823206285,0.5710788585521557,8.744775295257568,1626065192.4998236,24.455014547171903,false, 
562.6173095703125,463.7513732910156,0.5171114977668313,0.5706005802860967,8.788658142089844,1626065192.5398276,22.787947277488616,false, 
573.6498413085938,463.7792663574219,0.5272516923792222,0.5705747533727575,8.833537817001343,1626065192.5758336,22.281801327036373,false, 
580.5035400390625,462.3663024902344,0.5335510478300207,0.571883053249783,8.872434854507446,1626065192.6117985,25.708898777781865,false, 
582.0335693359375,462.1308288574219,0.5349573247572955,0.572101084391276,8.895373344421387,1626065192.6522615,43.59484882186029,false, 
583.3578491210938,463.81719970703125,0.5361744936774758,0.570539629900897,8.937261819839478,1626065192.6918926,23.872914686413232,false, 
588.2019653320312,463.4094543457031,0.5406268063713523,0.5709171719021268,8.964189291000366,1626065192.7278426,37.13679587753006,false, 
587.3040161132812,463.49822998046875,0.5398014853982365,0.5708349722403068,9.008073091506958,1626065192.7601244,22.78745205419913,false, 
592.4393920898438,458.5782165527344,0.5445215000825769,0.5753905402289496,9.04297947883606,1626065192.7998154,28.648052019015353,false, 
603.5045776367188,454.5950622558594,0.55469170738669,0.5790786460593895,9.075891494750977,1626065192.8398044,30.38403975572829,false, 
607.393310546875,449.5767822265625,0.558265910429113,0.5837252016420718,9.114788055419922,1626065192.8758285,25.70921394596185,false, 
608.6249389648438,450.50653076171875,0.5593979218426872,0.5828643233687789,9.152687788009644,1626065192.9158165,26.385410441423478,false, 
611.7316284179688,450.8440856933594,0.562253334942986,0.5825517725061486,9.188591241836548,1626065192.9518003,27.852473603824954,false, 
613.2194213867188,451.7261047363281,0.5636207917157341,0.5817350882071035,9.250426292419434,1626065192.9881816,16.17205760444179,false, 
602.598388671875,452.00286865234375,0.5538588131175322,0.5814788253219039,9.26538610458374,1626065193.0278234,66.84575909221304,false, 
598.4299926757812,452.450927734375,0.550027566797593,0.5810639558015046,9.302287578582764,1626065193.0638297,27.099188504677727,false, 
584.0013427734375,448.6820068359375,0.5367659400491154,0.5845536973741319,9.34218144416809,1626065193.0960164,25.06651048545662,false, 
584.0413208007812,379.2937316894531,0.5368026845595416,0.6488021002875435,9.389057159423828,1626065193.1358004,21.333007817466978,false, 
596.8847045898438,303.82122802734375,0.5486072652480182,0.7186840481228298,9.414987802505493,1626065193.1758275,38.564411875580404,false, 
644.2621459960938,279.24169921875,0.5921527077169979,0.74144287109375,9.472833395004272,1626065193.2158225,17.287401801980035,false, 
654.1923828125,291.2209777832031,0.6012797636144301,0.7303509464970341,9.49477481842041,1626065193.2558265,45.57589455497723,false, 
729.8998413085938,357.87237548828125,0.6708638247321633,0.6686366893627025,9.529681205749512,1626065193.2918246,28.648052019015353,false, 
751.1719970703125,409.9949645996094,0.6904154384837431,0.6203750327781394,9.566582918167114,1626065193.3278115,27.099013419306488,false, 
754.9224243164062,437.8448181152344,0.6938625223496381,0.594588131374783,9.615453004837036,1626065193.3678753,20.462415112013115,false, 
752.5147094726562,451.9036560058594,0.691649549147662,0.5815706888834635,9.65035891532898,1626065193.4041927,28.64844336980725,false, 
757.90625,450.76141357421875,0.6966050091911765,0.5826283207646124,9.688258409500122,1626065193.4358134,26.38557642707062,false, 
745.7130126953125,449.03424072265625,0.6853979896096623,0.5842275548864294,9.722168684005737,1626065193.4758086,29.489587288195178,false, 
600.41552734375,468.483154296875,0.5518525067497703,0.5662193015769676,9.767098188400269,1626065193.5159786,22.25708948887757,false, 
576.8447875976562,466.2731018066406,0.5301882238949046,0.5682656464753327,9.80709958076477,1626065193.5518277,24.999129802477082,false, 
565.9821166992188,463.8081970214844,0.5202041513779584,0.5705479657208479,9.839102506637573,1626065193.5918486,31.247142963569992,false, 
575.5257568359375,465.5136413574219,0.5289758794447955,0.5689688505949797,9.869075536727905,1626065193.6317904,33.36332686372459,false, 
580.3051147460938,465.91015625,0.5333686716416303,0.568601707175926,9.90409779548645,1626065193.6678936,28.55326970468501,false, 
582.5269775390625,464.204345703125,0.5354108249439913,0.5701811613859954,9.943116903305054,1626065193.7038307,25.628469124637963,false, 
578.62890625,466.6646728515625,0.5318280388327206,0.5679030806929977,9.982082843780518,1626065193.7440274,25.663438064062166,false, 
583.6438598632812,468.3144836425781,0.5364373711978688,0.566375478108724,10.020035982131958,1626065193.7759266,26.34828220897435,false, 
554.5689697265625,467.9847106933594,0.5097141265869141,0.5666808234320746,10.072529554367065,1626065193.8198786,19.23454446232935,false, 
547.3041381835938,468.3266906738281,0.5030368917128619,0.566364175302011,10.116116046905518,1626065193.8601496,22.680740612562726,false, 
544.5494995117188,468.6576843261719,0.5005050546982709,0.566057699697989,10.136087894439697,1626065193.8918765,50.0704803743673,false, 
546.375244140625,469.7938232421875,0.5021831288057215,0.5650057192201967,10.180149555206299,1626065193.9321246,22.695467728669755,false, 
549.1043701171875,470.6143493652344,0.5046915166518268,0.5642459728099682,10.215143203735352,1626065193.9720585,28.576614386744247,false, 
551.6610717773438,470.27105712890625,0.507041426265941,0.5645638359917535,10.264155387878418,1626065194.0120006,20.403089914968966,false, 
538.7166748046875,468.56707763671875,0.49514400257783775,0.5661415947808159,10.288091897964478,1626065194.0518055,41.777184577228404,false, 
537.79296875,468.3276672363281,0.49429500804227944,0.566363271077474,10.335048198699951,1626065194.0880415,21.296396529050668,false, 
539.370849609375,466.9512023925781,0.4957452661850873,0.5676377755624277,10.365100860595703,1626065194.1278434,33.274922649742166,false, 
540.9134521484375,464.0984802246094,0.4971630994011374,0.5702791849772135,10.419987201690674,1626065194.1638565,18.219469180313627,false, 
542.662109375,464.2310485839844,0.4987703211167279,0.5701564364963108,10.438992738723755,1626065194.2042456,52.61624537414539,false, 
546.4166870117188,465.08905029296875,0.5022212196798885,0.5693619904694733,10.47894835472107,1626065194.2398195,25.027770816177963,false, 
547.3998413085938,466.7512512207031,0.503124854143928,0.567822915536386,10.532413482666016,1626065194.2719986,18.703780172932767,false, 
552.0457153320312,466.8851623535156,0.5073949589448816,0.5676989237467448,10.556906461715698,1626065194.3119504,40.82802659372536,false, 
552.577880859375,466.83599853515625,0.5078840816722197,0.5677444458007812,10.587903499603271,1626065194.3518295,32.26114713370407,false, 
553.3377075195312,466.7530822753906,0.5085824517642751,0.567821220115379,10.627908945083618,1626065194.3838527,24.996597038052386,false, 
561.0874633789062,469.1004638671875,0.5157053891350242,0.565647718641493,10.686950922012329,1626065194.4238417,16.937102245194637,false, 
562.2764892578125,468.76934814453125,0.5167982438031364,0.5659543072735822,10.70395565032959,1626065194.4638264,58.807173001696505,false, 
554.243896484375,470.9311218261719,0.5094153460334329,0.5639526649757668,10.748893737792969,1626065194.5038223,22.25283843721483,false, 
549.0206909179688,473.20147705078125,0.5046146056231331,0.5618504842122396,10.794878005981445,1626065194.5398433,21.7465676718238,false, 
549.76708984375,474.1827697753906,0.5053006340475643,0.5609418798376014,10.818814516067505,1626065194.5758045,41.777184577228404,false, 
551.020263671875,476.1436462402344,0.5064524482278263,0.5591262534812644,10.85272479057312,1626065194.6158044,29.489587288195178,false, 
556.5414428710938,474.540283203125,0.5115270614624023,0.5606108488859953,10.893614768981934,1626065194.6478596,24.455870091250983,false, 
561.5930786132812,472.9106140136719,0.51617010901956,0.5621198018391926,10.931514263153076,1626065194.6879447,26.38557642707062,false, 
560.4859008789062,472.14422607421875,0.5151524824254653,0.5628294203016493,10.983376264572144,1626065194.7278936,19.28194000689576,false, 
567.1557006835938,467.13470458984375,0.521282813128303,0.567467866120515,11.006314277648926,1626065194.7679105,43.59575507488904,false, 
571.0216064453125,467.0145263671875,0.5248360353357652,0.5675791422526042,11.051194906234741,1626065194.8040116,22.281327858140806,false, 
575.3475341796875,467.31298828125,0.5288120718563304,0.5673027886284723,11.083109855651855,1626065194.8440065,31.33327855013783,false, 
581.207763671875,467.5848388671875,0.5341983121984145,0.5670510751229745,11.123003482818604,1626065194.8838406,25.066660291885302,false, 
582.7757568359375,466.6207275390625,0.5356394823859719,0.5679437707971644,11.159904718399048,1626065194.9198287,27.09936359231142,false, 
587.3734130859375,464.3631591796875,0.5398652693804573,0.5700341118706598,11.20179271697998,1626065194.9558244,23.87318644665919,false, 
584.2771606445312,464.86016845703125,0.5370194491218118,0.5695739180953414,11.236724376678467,1626065194.9958475,28.6273257163138,false, 
578.9910888671875,465.0728759765625,0.5321609272676355,0.5693769666883681,11.288586378097534,1626065195.0278485,19.28194000689576,false, 
578.4429321289062,465.3481140136719,0.5316571067361271,0.5691221166540075,11.310528039932251,1626065195.0678046,45.57539932630664,false, 
578.939208984375,465.3932800292969,0.5321132435518152,0.5690802962691696,11.345434665679932,1626065195.1078005,28.647856347628903,false, 
579.3759155273438,467.5046081542969,0.5325146282420439,0.5671253628200955,11.387322664260864,1626065195.1437945,23.87318644665919,false, 
585.1590576171875,465.83447265625,0.5378300161922679,0.5686717845775463,11.424224853515625,1626065195.1838195,27.098663255351177,false, 
576.8765258789062,464.9956970214844,0.5302173951092888,0.5694484286838107,11.470102310180664,1626065195.2239504,21.797197854737455,false, 
553.7271728515625,466.7137756347656,0.5089404162238625,0.5678576151529948,11.501019954681396,1626065195.2598307,32.34399049954503,false, 
547.8916015625,470.7803039550781,0.5035768396714154,0.5640923111527054,11.542907476425171,1626065195.2998185,23.87345821309245,false, 
545.8929443359375,471.8033142089844,0.5017398385440602,0.5631450794361256,11.573825597763062,1626065195.3357866,32.34349167180753,false, 
550.3094482421875,471.88885498046875,0.5057991252225988,0.5630658750180845,11.620700597763062,1626065195.3719666,21.333333333333332,false, 
551.593505859375,472.18170166015625,0.5069793252383962,0.5627947206850406,11.672561883926392,1626065195.4118025,19.282205937790202,false, 
553.9180908203125,471.756103515625,0.5091158922980813,0.5631887930410879,11.70348048210144,1626065195.4598386,32.34299285945621,false, 
555.39453125,474.940673828125,0.5104729147518382,0.5602401168258102,11.744370222091675,1626065195.4998636,24.45601268775072,false, 
558.5655517578125,473.54437255859375,0.5133874556597542,0.5615329883716724,11.780274868011475,1626065195.5400145,27.851548856203724,false, 
561.49658203125,471.1436767578125,0.5160814173081342,0.5637558548538772,11.814184188842773,1626065195.5760415,29.490416660807448,false, 
563.3064575195312,470.2059020996094,0.5177449058083927,0.5646241647225839,11.869038820266724,1626065195.6160405,18.23000126044759,false, 
567.4126586914062,471.24658203125,0.5215189877678367,0.563660572193287,11.904942274093628,1626065195.6560626,27.852473603824954,false, 
561.7595825195312,469.97625732421875,0.5163231456980986,0.5648367987738716,11.953812599182129,1626065195.6958826,20.46231528415383,false, 
564.57958984375,470.84002685546875,0.5189150641946232,0.5640370121708622,11.982734203338623,1626065195.7318196,34.57622871086344,false, 
562.688720703125,470.81390380859375,0.5171771329991958,0.564061200177228,12.02462363243103,1626065195.7643976,23.872371184482375,false, 
564.5870361328125,469.25225830078125,0.5189219082103056,0.5655071682400173,12.048559188842773,1626065195.8038316,41.778849122946816,false, 
568.1790161132812,464.585693359375,0.5222233603982365,0.5698280617042824,12.092442512512207,1626065195.8439605,22.78769966315332,false, 
560.8575439453125,465.0538330078125,0.5154940661262063,0.5693945990668403,12.129343748092651,1626065195.8839016,27.09936359231142,false, 
559.6102905273438,463.83941650390625,0.5143476934993968,0.5705190587926794,12.174225091934204,1626065195.9240127,22.280972769673724,false, 
560.3826293945312,463.61761474609375,0.5150575637817383,0.5707244307906539,12.204168319702148,1626065195.9638176,33.396533191072606,false, 
557.58056640625,461.5249328613281,0.5124821382410386,0.572662099202474,12.242659330368042,1626065196.0038307,25.980092044870325,false, 
564.7169189453125,463.0429382324219,0.5190412857953239,0.5712565386736834,12.282135963439941,1626065196.0398223,25.33144096100304,false, 
568.8780517578125,462.357421875,0.5228658563950482,0.5718912760416667,12.321141719818115,1626065196.0798895,25.637241598513466,false, 
576.7211303710938,463.6471862792969,0.5300745683557847,0.5706970497413918,12.358144044876099,1626065196.1198306,27.02532877144827,false, 
559.5398559570312,465.7122802734375,0.5142829558428597,0.5687849256727431,12.396138429641724,1626065196.1598864,26.31967871485944,false, 
559.3106079101562,465.40362548828125,0.5140722499174231,0.5690707171404803,12.43813157081604,1626065196.1958826,23.8134126677719,false, 
562.7685546875,466.4046325683594,0.5172505098230699,0.5681438587330006,12.470126867294312,1626065196.2318776,31.254593958181196,false, 
562.7081909179688,466.0689392089844,0.5171950284172507,0.5684546859176071,12.51011848449707,1626065196.2718387,25.005240346494812,false, 
563.9930419921875,465.40985107421875,0.5183759577134076,0.5690649527090568,12.54911494255066,1626065196.3078265,25.64335454840031,false, 
572.5289916992188,464.4968566894531,0.5262214997235466,0.569910317880136,12.588097333908081,1626065196.3478124,25.652607887268815,false, 
577.6820678710938,464.86920166015625,0.5309577829697553,0.5695655540183738,12.632073402404785,1626065196.3797877,22.739640767908746,false, 
579.493408203125,464.0987854003906,0.5326226178337546,0.5702789024070457,12.67007303237915,1626065196.4197955,26.316045726619066,false, 
577.5463256835938,464.09283447265625,0.5308330199297737,0.5702844125253184,12.713085889816284,1626065196.4598417,23.248862307312827,false, 
569.599853515625,465.86163330078125,0.5235292771283317,0.5686466358326099,12.750058650970459,1626065196.4998333,27.04693857810737,false, 
573.103515625,469.83367919921875,0.5267495548023897,0.5649688155562789,12.78805136680603,1626065196.5398307,26.320834876029945,false, 
575.923583984375,468.86639404296875,0.5293415293974035,0.5658644499602141,12.832005977630615,1626065196.5878255,22.750741759284875,false, 
580.9414672851562,467.93304443359375,0.5339535544900333,0.5667286625614874,12.869001865386963,1626065196.6278296,27.030031191194286,false, 
585.5992431640625,465.85211181640625,0.538234598496381,0.5686554520218461,12.917001485824585,1626065196.6678407,20.83349807525146,false, 
588.103271484375,467.2296447753906,0.5405360951143152,0.567379958541305,12.947991847991943,1626065196.7079504,32.26809659724733,false, 
590.9005126953125,467.2022705078125,0.5431070888743681,0.5674053050853588,12.98300290107727,1626065196.7398167,28.562408493193598,false, 
588.5542602539062,467.94476318359375,0.5409506068510168,0.5667178118670428,13.028117895126343,1626065196.7798526,22.1655797829051,false, 
587.4447021484375,467.69268798828125,0.5399307924158433,0.5669512148256655,13.0620276927948,1626065196.8198225,29.490001968670022,false, 
577.1231689453125,445.4151306152344,0.5304440891041475,0.5875785827636719,13.103939533233643,1626065196.8599377,23.8596060094089,false, 
587.6171264648438,291.29205322265625,0.5400892706478343,0.7302851359049479,13.144928693771362,1626065196.9038234,24.39669383030578,false, 
561.2647705078125,251.38790893554688,0.5158683552461512,0.7672334176522714,13.182891845703125,1626065196.9438307,26.341332294996516,false, 
599.6644897460938,251.8643035888672,0.5511622148401597,0.7667923114917896,13.218795776367188,1626065196.9838407,27.852103697407564,false, 
596.4970703125,277.6769104003906,0.5482509837431067,0.742891749629268,13.258689641952515,1626065197.0159895,25.06651048545662,false, 
593.6522216796875,314.9570007324219,0.5456362331614775,0.7083731474699797,13.29658842086792,1626065197.0560265,26.386074396542504,false, 
589.2931518554688,391.8160400390625,0.5416297351612764,0.6372073703342014,13.332492589950562,1626065197.0958927,27.851918747883367,false, 
588.7725219726562,420.7707214355469,0.5411512150483972,0.6103974801522714,13.372386455535889,1626065197.1318417,25.06651048545662,false, 
591.8977661132812,426.5029602050781,0.5440236820894129,0.6050898516619647,13.410285472869873,1626065197.1718056,26.385908404630097,false, 
591.5145874023438,427.59649658203125,0.543671495774213,0.6040773179796006,13.449182033538818,1626065197.2079916,25.70921394596185,false, 
596.1585693359375,431.4275817871094,0.5479398615220014,0.6005300168637876,13.485085725784302,1626065197.2478275,27.85228864938808,false, 
597.7151489257812,438.8210144042969,0.5493705412920784,0.5936842459219474,13.529966115951538,1626065197.2840705,22.281446223478287,false, 
598.7999877929688,434.4595642089844,0.5503676358391257,0.5977226257324219,13.5658700466156,1626065197.3238385,27.852103697407564,false, 
604.7742919921875,434.9934997558594,0.5558587242575252,0.5972282409667968,13.604766368865967,1626065197.3638875,25.70937153294962,false, 
567.6212768554688,445.8619689941406,0.5217107324039235,0.5871648435239438,13.639673471450806,1626065197.4038277,28.647465012874715,false, 
560.2738647460938,453.7156677246094,0.5149575962739832,0.5798929002549913,13.691534519195557,1626065197.4359818,19.28229458305175,false, 
562.7953491210938,458.7015075683594,0.5172751370598289,0.5752763818811487,13.723449230194092,1626065197.4757936,31.333512625130734,false, 
568.114013671875,462.457275390625,0.522163615507238,0.5717988190827547,13.763343334197998,1626065197.5240016,25.066360680818512,false, 
569.2620239257812,457.4287109375,0.5232187719906077,0.5764548972800926,13.801241636276245,1626065197.5638735,26.386406386632864,false, 
570.6903686523438,458.25274658203125,0.5245315888348747,0.575691901312934,13.840138912200928,1626065197.5958107,25.70874119658958,false, 
573.8446655273438,456.1113586425781,0.5274307587567497,0.5776746679235387,13.884021759033203,1626065197.6398406,22.787947277488616,false, 
575.919921875,461.4703063964844,0.5293381634880515,0.5727126792625145,13.919926166534424,1626065197.6838434,27.85173380081544,false, 
574.7322387695312,464.0892639160156,0.5282465429867015,0.5702877185962818,13.962414979934692,1626065197.7198775,23.5356066684997,false, 
568.6353149414062,463.8064880371094,0.5226427527034984,0.5705495481137877,13.996895790100098,1626065197.7598617,29.0016387434917,false, 
561.0555419921875,463.1581726074219,0.5156760496251723,0.571149840178313,14.033851385116577,1626065197.7918465,27.059502074153404,false, 
560.4571533203125,465.5509338378906,0.515126060037052,0.5689343205204717,14.072773218154907,1626065197.8318496,25.69252067381317,false, 
562.6454467773438,464.608154296875,0.5171373591703528,0.5698072645399306,14.111669063568115,1626065197.8718636,25.7096867127209,false, 
571.0975952148438,463.9881896972656,0.5249058779548196,0.5703813058358651,14.15654969215393,1626065197.9118927,22.281327858140806,false, 
576.0275268554688,461.8829345703125,0.5294370651245117,0.5723306161385995,14.196443796157837,1626065197.9518285,25.066360680818512,false, 
575.6376342773438,458.35870361328125,0.5290787079754997,0.5755937929506655,14.230353116989136,1626065197.9918895,29.490416660807448,false, 
582.3031616210938,457.4627685546875,0.5352051117840935,0.5764233624493634,14.26825213432312,1626065198.0278916,26.385908404630097,false, 
582.8572998046875,456.9241638183594,0.5357144299675437,0.5769220705385562,14.30415654182434,1626065198.0678325,27.85173380081544,false, 
587.0992431640625,458.0317077636719,0.5396132749669692,0.575896566885489,14.341058492660522,1626065198.1038444,27.09883833619765,false, 
590.4473876953125,459.8147888183594,0.5426906136905446,0.5742455659089265,14.387933015823364,1626065198.1397986,21.333550349429824,false, 
594.404541015625,459.8644104003906,0.5463277031393612,0.5741996199996383,14.420894384384155,1626065198.1798444,30.338546112115733,false, 
597.1807250976562,463.2109375,0.5488793429206399,0.5711009837962964,14.462910413742065,1626065198.2198496,23.8004403386522,false, 
600.9207153320312,462.5382080078125,0.5523168339448816,0.5717238814742477,14.494882822036743,1626065198.2600396,31.276968277878034,false, 
603.4163208007812,461.00958251953125,0.5546105889713063,0.5731392754448785,14.533873081207275,1626065198.2918065,25.647431468108135,false, 
600.1929931640625,463.01446533203125,0.5516479716581457,0.5712829024703414,14.572361469268799,1626065198.3318176,25.98186233212746,false, 
549.6116943359375,462.4632873535156,0.5051578072940602,0.5717932524504485,14.60983681678772,1626065198.3718345,26.684208852102326,false, 
538.9829711914062,462.0601806640625,0.495388760286219,0.5721664993851273,14.647766351699829,1626065198.4077926,26.364678668409937,false, 
541.2603149414062,461.9302673339844,0.4974819071152631,0.5722867895055701,14.686661958694458,1626065198.4478254,25.709844305504475,false, 
547.1455078125,463.9175720214844,0.5028910917394301,0.5704466925726996,14.732540607452393,1626065198.4838846,21.79663148485935,false, 
544.7196044921875,462.327880859375,0.5006614011876723,0.571918628833912,14.762460470199585,1626065198.5238435,33.42261321348601,false, 
548.3731689453125,463.0062255859375,0.5040194567512063,0.5712905318648727,14.802353858947754,1626065198.5598285,25.066810100104586,false, 
550.1923217773438,452.16265869140625,0.5056914722218233,0.5813308715820312,14.838258028030396,1626065198.5998075,27.851918747883367,false, 
546.1405029296875,416.86669921875,0.5019673740162569,0.6140123155381945,14.879149675369263,1626065198.6358607,24.454871962311675,false, 
566.6117553710938,317.0105895996094,0.5207828633925494,0.706471676296658,14.912062644958496,1626065198.6679776,30.383159358769113,false, 
588.1218872070312,258.42596435546875,0.5405532051535213,0.7607166996708623,14.953042030334473,1626065198.7078066,24.402513381428903,false, 
595.206787109375,262.611572265625,0.5470650616814109,0.756841136791088,14.996997833251953,1626065198.7481215,23.27841047841048,false, 
581.54931640625,265.8916320800781,0.5345122393439797,0.753804044370298,15.035988330841064,1626065198.7878726,25.007476657802794,false, 
579.5403442382812,312.55316162109375,0.5326657575719497,0.7105989244249131,15.073003053665161,1626065198.8360035,27.01627686778185,false, 
565.1627197265625,387.72857666015625,0.5194510291604435,0.6409920586480035,15.110945224761963,1626065198.8679235,26.355898228614876,false, 
570.9214477539062,410.35931396484375,0.5247439777149874,0.6200376722547742,15.149050951004028,1626065198.9078765,26.24277500046926,false, 
584.4141235351562,429.7668151855469,0.5371453341315774,0.6020677637170861,15.188944578170776,1626065198.9478126,25.066660291885302,false, 
593.97705078125,429.8869934082031,0.5459347893210018,0.6019564875849971,15.230926752090454,1626065198.9883416,23.819633588133073,false, 
601.716552734375,429.2341003417969,0.5530483021455652,0.60256101820204,15.263932228088379,1626065199.0281196,30.298002672734498,false, 
602.9242553710938,430.3847351074219,0.5541583229513729,0.6014956156412761,15.298909187316895,1626065199.0641937,28.590249754607918,false, 
606.206298828125,436.3121032714844,0.5571749070111442,0.5960073117856626,15.338802576065063,1626065199.0998325,25.066810100104586,false, 
610.3829345703125,441.36151123046875,0.5610137266271255,0.5913319340458623,15.382686138153076,1626065199.1398335,22.787575858003596,false, 
569.0997924804688,451.52825927734375,0.5230696622063132,0.5819182784469039,15.420584678649902,1626065199.1798334,26.386240390543414,false, 
558.28759765625,461.1770935058594,0.5131319831399357,0.5729841726797598,15.458484411239624,1626065199.2198474,26.385410441423478,false, 
556.545166015625,460.2736511230469,0.5115304834702435,0.5738206934045862,15.50835108757019,1626065199.2560275,20.053472049570654,false, 
561.44921875,462.2633972167969,0.5160378848805147,0.5719783359103733,15.539268493652344,1626065199.2958317,32.34423991918382,false, 
559.7461547851562,462.7090759277344,0.5144725687363568,0.571565670437283,15.567193746566772,1626065199.3318555,35.80988158153116,false, 
562.54150390625,462.72564697265625,0.5170418234432445,0.5715503268771701,15.606090307235718,1626065199.3638256,25.70921394596185,false, 
564.470703125,464.3822021484375,0.5188149844898897,0.5700164794921875,15.645015954971313,1626065199.4041936,25.690002817488025,false, 
565.5478515625,462.8966979980469,0.5198050106272978,0.5713919462981047,15.683009386062622,1626065199.4438946,26.32033936594794,false, 
565.9752197265625,462.3662109375,0.5201978122486788,0.5718831380208333,15.717908143997192,1626065199.4798224,28.65431491501339,false, 
568.2359008789062,463.3730163574219,0.5222756441901711,0.5709509107801649,15.762787580490112,1626065199.5198307,22.28191969740435,false, 
574.8095092773438,462.06884765625,0.5283175636740292,0.5721584743923611,15.800687313079834,1626065199.5605006,26.385410441423478,false, 
562.723876953125,462.59075927734375,0.5172094457289752,0.5716752228913484,15.835593700408936,1626065199.5998344,28.648052019015353,false, 
554.8391723632812,463.97723388671875,0.5099624745986041,0.5703914501048901,15.873493432998657,1626065199.6358097,26.385410441423478,false, 
553.3829345703125,463.2177429199219,0.5086240207447725,0.5710946824815538,15.907402753829956,1626065199.6718645,29.490416660807448,false, 
555.2886962890625,460.46466064453125,0.5103756399715648,0.5736438327365452,15.951285123825073,1626065199.7038236,22.788194897205198,false, 
554.4141845703125,456.4446105957031,0.509571860818302,0.5773661013002749,15.990181922912598,1626065199.7438576,25.709056360905944,false, 
547.59130859375,430.8966979980469,0.5033008351045496,0.6010215759277344,16.027130842208862,1626065199.7842057,27.06439103081142,false, 
582.9241943359375,304.9034423828125,0.5357759139117073,0.7176819977936921,16.064146995544434,1626065199.8238664,27.015232807538467,false, 
513.2172241210938,256.052490234375,0.4717070074642406,0.7629143608940973,16.10312008857727,1626065199.8639805,25.65872816810938,false, 
503.27178955078125,213.91160583496094,0.46256598304299745,0.8019336983009621,16.14008402824402,1626065199.9037976,27.05339336162747,false, 
590.44775390625,254.72158813476562,0.5426909502814797,0.7641466776529948,16.180097103118896,1626065199.9398274,24.99183087345898,false, 
591.90966796875,268.0745544433594,0.544034621294807,0.7517828199598524,16.222569942474365,1626065199.9798086,23.544458415663733,false, 
593.1588745117188,266.31805419921875,0.5451827890732709,0.7534092090747975,16.26308822631836,1626065200.0198586,24.680216068633566,false, 
585.8388671875,341.93994140625,0.5384548411649817,0.6833889431423611,16.302558660507202,1626065200.0601006,25.335419296772596,false, 
566.7740478515625,415.1941833496094,0.5209320292753332,0.6155609413429544,16.340040922164917,1626065200.0998197,26.679286568455336,false, 
560.8384399414062,429.9633483886719,0.5154765072990867,0.6018857885290075,16.374046087265015,1626065200.1358197,29.407297304877023,false, 
560.2449951171875,441.45281982421875,0.5149310616885915,0.5912473890516493,16.414032697677612,1626065200.1758335,25.008371294330892,false, 
562.2133178710938,438.4732666015625,0.5167401818668141,0.5940062346281829,16.45507025718689,1626065200.2118196,24.367920801282796,false, 
560.5919799804688,435.91851806640625,0.5152499815996956,0.5963717425311053,16.488006353378296,1626065200.2518024,30.361825341672457,false, 
559.6340942382812,443.8302001953125,0.514369571910185,0.5890461109302663,16.525993824005127,1626065200.2880306,26.324469186787255,false, 
559.9864501953125,439.6557922363281,0.5146934284883387,0.5929113034848814,16.5630042552948,1626065200.3278317,27.019409532766872,false, 
560.3152465820312,442.2174072265625,0.5149956310496611,0.5905394377531828,16.602912664413452,1626065200.3601224,25.057375678065334,false, 
557.1380615234375,450.0741882324219,0.5120754241943359,0.5832646405255353,16.639814138412476,1626065200.3998077,27.099188504677727,false, 
556.56103515625,448.90252685546875,0.5115450690774357,0.5843495121708623,16.675719499588013,1626065200.4398396,27.850994037105405,false, 
555.4822998046875,448.5250244140625,0.5105535843793083,0.5846990514684607,16.71660852432251,1626065200.4758108,24.45644048722748,false, 
552.4724731445312,447.2561340332031,0.5077871995813706,0.5858739499692563,16.75450825691223,1626065200.5158536,26.385410441423478,false, 
553.2621459960938,444.9903564453125,0.508513001834645,0.5879718921802661,16.795398950576782,1626065200.5518186,24.4554423117289,false, 
555.4951171875,446.2045593261719,0.5105653650620404,0.5868476302535446,16.832301139831543,1626065200.5918796,27.098663255351177,false, 
555.6153564453125,444.6483459472656,0.5106758790857652,0.5882885685673467,16.867207288742065,1626065200.6320064,28.648247693074783,false, 
548.4515991210938,451.3907470703125,0.5040915433098289,0.5820456045645255,16.909095287322998,1626065200.6677735,23.87318644665919,false, 
545.4495849609375,449.5938720703125,0.5013323391185087,0.5837093777126736,16.956042051315308,1626065200.7038455,21.30072266884703,false, 
543.572998046875,452.4463806152344,0.49960753496955423,0.5810681660970052,16.987025260925293,1626065200.7438517,32.27554577424146,false, 
540.5946044921875,450.89593505859375,0.4968700408935547,0.5825037638346354,17.02399516105652,1626065200.7838495,27.049031683896224,false, 
541.6951904296875,450.4611511230469,0.4978816088508157,0.5829063415527344,17.065101385116577,1626065200.8239534,24.32721620304851,false, 
541.220947265625,451.616943359375,0.4974457235897289,0.5818361635561342,17.100008487701416,1626065200.8638206,28.647465012874715,false, 
541.2405395507812,453.24176025390625,0.49746373120476217,0.5803317034686053,17.139902353286743,1626065200.8958366,25.06651048545662,false, 
536.3037719726562,452.4954833984375,0.49292626100427966,0.5810227005570023,17.17979598045349,1626065200.9359665,25.066660291885302,false, 
531.7262573242188,451.8982238769531,0.48871898651123047,0.5815757186324508,17.211710929870605,1626065200.9758165,31.33327855013783,false, 
529.5718383789062,452.73162841796875,0.4867388220394359,0.58080404776114,17.24960947036743,1626065201.0118306,26.386240390543414,false, 
528.8806762695312,453.70611572265625,0.4861035627477309,0.5799017447012442,17.29548668861389,1626065201.0518496,21.797311132245106,false, 
528.8352661132812,452.43585205078125,0.48606182547176585,0.5810779147677951,17.328399419784546,1626065201.0918405,30.383379453225736,false, 
531.1361694335938,452.3348388671875,0.4881766263176413,0.581171445493345,17.368293285369873,1626065201.1279457,25.06651048545662,false, 
523.3571166992188,452.2218017578125,0.48102676167207603,0.5812761094835069,17.404196977615356,1626065201.1678216,27.85228864938808,false, 
523.372802734375,451.9967346191406,0.48104117898380055,0.5814845049822772,17.44808030128479,1626065201.2038627,22.78769966315332,false, 
521.4530029296875,452.92950439453125,0.4792766571044922,0.5806208292643229,17.48797369003296,1626065201.2439225,25.066810100104586,false, 
520.0316162109375,452.6189880371094,0.477970235487994,0.580908344410084,17.525872945785522,1626065201.2878416,26.38574241480615,false, 
515.9777221679688,452.3764343261719,0.4742442299337948,0.5811329311794705,17.562774419784546,1626065201.3238187,27.099188504677727,false, 
517.5906372070312,451.0863342285156,0.4757266886094037,0.5823274683069299,17.59967565536499,1626065201.3638275,27.09936359231142,false, 
517.46826171875,449.4087829589844,0.475614211138557,0.5838807565194589,17.645553588867188,1626065201.3958344,21.79697130325424,false, 
515.2022094726562,449.3112487792969,0.47353144253001495,0.5839710659450955,17.68744206428528,1626065201.4358926,23.872914686413232,false, 
516.1964721679688,450.87811279296875,0.47444528691908894,0.5825202659324363,17.720353841781616,1626065201.4840076,30.384259862940265,false, 
518.3416748046875,451.49334716796875,0.47641698051901427,0.581950604474103,17.758273124694824,1626065201.5198355,26.371806721368166,false, 
516.7704467773438,450.7490539550781,0.47497283711152916,0.5826397648564092,17.797255277633667,1626065201.5598044,25.652764781074353,false, 
516.8828125,450.7586669921875,0.4750761144301471,0.5826308638961226,17.83633065223694,1626065201.5918024,25.591565279998047,false, 
518.18359375,452.6815185546875,0.4762716854319853,0.5808504457826967,17.87625026702881,1626065201.6318536,25.692678056220863,false, 
516.9425048828125,453.0643310546875,0.47513097875258503,0.5804959897641783,17.913270711898804,1626065201.6718235,26.30300825907275,false, 
519.7081909179688,452.7897644042969,0.4776729695937213,0.5807502181441695,17.950220584869385,1626065201.7118344,27.063692500274232,false, 
535.4591064453125,453.20684814453125,0.49214991401223573,0.5803640294958043,17.986220359802246,1626065201.7478135,27.777951441779145,false, 
531.9459228515625,453.3358154296875,0.4889208849738626,0.580244615342882,18.025217533111572,1626065201.7878187,25.642884217991515,false, 
533.108154296875,451.2835998535156,0.489989112405216,0.5821448149504485,18.062244176864624,1626065201.8238416,27.007578830786667,false, 
534.8651733398438,450.8914489746094,0.491604019613827,0.5825079176161024,18.09923481941223,1626065201.8638356,27.03386400257815,false, 
533.3014526367188,443.2955322265625,0.49016677632051353,0.5895411738642939,18.13523769378662,1626065201.8997924,27.77556007337408,false, 
534.1221923828125,423.81024169921875,0.4909211327047909,0.6075831095377604,18.1722149848938,1626065201.9318485,27.04362515635679,false, 
529.1722412109375,293.9659118652344,0.4863715452306411,0.7278093408655237,18.211219310760498,1626065201.9718506,25.63818186263723,false, 
573.980712890625,246.8387451171875,0.5275558022891774,0.7714456063729745,18.251190900802612,1626065202.0118096,25.01776884398132,false, 
522.0585327148438,225.31094360351562,0.479833210215849,0.7913787559226707,18.28815770149231,1626065202.0478306,27.051299580780395,false, 
608.548828125,258.30029296875,0.5593279670266544,0.7608330620659722,18.327146530151367,1626065202.0879965,25.64837247983563,false, 
629.1336059570312,255.72555541992188,0.5782477995928597,0.7632170783148872,18.363159894943237,1626065202.1281655,27.767469265347465,false, 
634.3206176757812,281.3023986816406,0.5830152735990637,0.739534816035518,18.399123907089233,1626065202.1638443,27.805573970459548,false, 
616.4840698242188,309.9797058105469,0.5666213877060834,0.7129817538791232,18.438111066818237,1626065202.1998086,25.649470414128814,false, 
604.39599609375,376.75848388671875,0.5555110258214614,0.6511495519567418,18.47818374633789,1626065202.2398915,24.954657686655523,false, 
586.35546875,405.2156982421875,0.5389296587775735,0.624800279405382,18.520182132720947,1626065202.2760525,23.810438593503413,false, 
577.0718994140625,421.8190612792969,0.5303969663732192,0.6094267951117622,18.5612370967865,1626065202.3159325,24.35759043421198,false, 
575.4246215820312,426.6445007324219,0.5288829242481905,0.6049587956181279,18.594172477722168,1626065202.3557794,30.362484707653774,false, 
572.269287109375,429.141845703125,0.5259828006519991,0.6026464391637731,18.63020086288452,1626065202.3958397,27.75589290204746,false, 
573.1339721679688,427.1108093261719,0.5267775479485007,0.6045270284016927,18.67262840270996,1626065202.4278145,23.569596637333245,false, 
547.5211181640625,439.0907287597656,0.5032363218419692,0.5934345104076244,18.707120180130005,1626065202.4678276,28.992417172994905,false, 
551.9885864257812,447.9569396972656,0.5073424507589901,0.5852250558358651,18.752097368240356,1626065202.5078106,22.233493066451803,false, 
554.0206298828125,448.3779296875,0.509210137759938,0.5848352502893519,18.785101890563965,1626065202.5479875,30.298878141456754,false, 
555.6058959960938,443.6535339355469,0.5106671838199391,0.5892096908004196,18.824047565460205,1626065202.5844104,25.676792164064892,false, 
555.2910766601562,446.6330261230469,0.5103778278126436,0.5864509017379196,18.86253333091736,1626065202.6238537,25.983632860656297,false, 
556.4509887695312,448.11944580078125,0.5114439235014074,0.5850745872214989,18.900007724761963,1626065202.6638434,26.68488793032148,false, 
558.0255737304688,446.7931823730469,0.5128911523257985,0.5863026089138454,18.938953399658203,1626065202.6998086,25.676792164064892,false, 
563.2099609375,444.0671081542969,0.5176562140969669,0.5888267517089844,18.976853132247925,1626065202.7359986,26.385410441423478,false, 
563.32861328125,443.9535217285156,0.5177652695599724,0.5889319243254485,19.01475167274475,1626065202.7758176,26.386240390543414,false, 
568.763916015625,447.6635437011719,0.5227609522202435,0.5854967187952111,19.051653146743774,1626065202.8158307,27.099188504677727,false, 
567.3742065429688,448.3299865722656,0.5214836457196403,0.584879642062717,19.0915470123291,1626065202.8479795,25.06651048545662,false, 
566.939453125,452.4828796386719,0.5210840561810661,0.5810343707049335,19.12944507598877,1626065202.8878055,26.38657238481089,false, 
554.3916625976562,461.7149963378906,0.509551160475787,0.5724861145019531,19.166346549987793,1626065202.9278858,27.099188504677727,false, 
555.7108764648438,460.83837890625,0.5107636732213637,0.5732977973090279,19.210230588912964,1626065202.9638166,22.787328251739893,false, 
557.1636962890625,459.6936950683594,0.5120989855598,0.574357689751519,19.256108283996582,1626065203.0040195,21.797084578407173,false, 
560.8267211914062,459.81787109375,0.5154657363891602,0.5742427119502315,19.281040906906128,1626065203.0439935,40.10809466889792,false, 
561.994140625,462.1588439941406,0.5165387321920956,0.5720751444498697,19.316945791244507,1626065203.0798175,28.64726934950687,false, 
548.115478515625,463.0434875488281,0.5037826089298024,0.5712560300473813,19.356838941574097,1626065203.1198676,25.06695991011451,false, 
550.2491455078125,467.84112548828125,0.5057436999152688,0.5668137726960358,19.395734548568726,1626065203.1558075,25.709844305504475,false, 
546.77197265625,466.9600524902344,0.5025477689855239,0.5676295810275608,19.431639671325684,1626065203.1958265,27.85117897434876,false, 
548.1275634765625,468.8108215332031,0.5037937164306641,0.5659159059877749,19.46854066848755,1626065203.2318187,27.099538682207605,false, 
547.3726196289062,465.1844177246094,0.5030998342177447,0.5692736872920283,19.51142692565918,1626065203.2719266,23.31749296745572,false, 
546.8342895507812,464.55682373046875,0.5026050455429975,0.5698547928421586,19.547330617904663,1626065203.3118427,27.85228864938808,false, 
547.5744018554688,462.7342529296875,0.5032852958230412,0.5715423583984375,19.58622694015503,1626065203.3438904,25.70937153294962,false, 
546.3558959960938,460.81280517578125,0.502165345584645,0.5733214766890915,19.623128652572632,1626065203.3839285,27.099013419306488,false, 
549.6764526367188,455.652587890625,0.5052173277911018,0.5780994556568286,19.665016412734985,1626065203.4238627,23.873322329102397,false, 
555.3468627929688,452.6274108886719,0.5104291018317727,0.5809005454734519,19.70191788673401,1626065203.4639854,27.099188504677727,false, 
554.9892578125,453.29107666015625,0.5101004207835478,0.5802860401294849,19.741812229156494,1626065203.4998276,25.066210877970942,false, 
561.9358520507812,452.7618408203125,0.5164851581349093,0.5807760733145255,19.79167890548706,1626065203.5398154,20.053472049570654,false, 
564.802001953125,449.023193359375,0.5191194870892692,0.5842377839265046,19.824591159820557,1626065203.5798216,30.383819651705252,false, 
575.4937133789062,444.43707275390625,0.5289464277379653,0.5884841918945313,19.86647915840149,1626065203.6239314,23.87318644665919,false, 
581.5636596679688,442.42291259765625,0.5345254224889419,0.5903491550021701,19.90043330192566,1626065203.6639225,29.45148651115761,false, 
588.3229370117188,440.84521484375,0.5407379935769474,0.5918099862557871,19.93942093849182,1626065203.6997905,25.649156709024865,false, 
602.9087524414062,430.6182556152344,0.554144073935116,0.6012793929488571,19.977408170700073,1626065203.7398765,26.324634406577545,false, 
649.4495849609375,360.3346252441406,0.5969205744126264,0.6663568284776475,20.014382123947144,1626065203.7798316,27.046066546298686,false, 
653.6988525390625,239.00856018066406,0.600826151230756,0.7786957776104962,20.05140256881714,1626065203.8158245,27.012101110932218,false, 
604.456298828125,219.81996154785156,0.5555664511287913,0.7964629985668041,20.09139347076416,1626065203.8518217,25.00568757675844,false, 
555.3340454101562,227.4205780029297,0.5104173211490407,0.7894253907380281,20.128394603729248,1626065203.8918154,27.02619946647422,false, 
761.6712646484375,246.91110229492188,0.7000655005959904,0.7713786089861835,20.171369314193726,1626065203.9279535,23.269499414698554,false, 
875.6821899414062,309.1656799316406,0.8048549539902631,0.7137354815447772,20.204376220703125,1626065203.9598417,30.296689564507624,false, 
859.5576782226562,329.648681640625,0.7900346307193532,0.6947697392216435,20.24435591697693,1626065203.9999824,25.012696273414157,false, 
868.064697265625,345.7310485839844,0.7978535820456112,0.679878658718533,20.280327558517456,1626065204.0397944,27.799676555582067,false, 
832.3233032226562,347.6580505371094,0.7650030360502356,0.6780943976508247,20.32031750679016,1626065204.0798135,25.00628390866273,false, 
806.843017578125,346.5389404296875,0.7415836558622473,0.6791306107132523,20.36828899383545,1626065204.1198244,20.845716103316484,false, 
756.7371215820312,355.1106262207031,0.6955304426305434,0.67119386461046,20.409274339675903,1626065204.1598206,24.398964544370436,false, 
644.4586791992188,386.06280517578125,0.5923333448522231,0.6425344396520545,20.436275482177734,1626065204.1998277,37.03546988547563,false, 
578.2239379882812,428.6249694824219,0.5314558253568762,0.6031250282570169,20.47528100013733,1626065204.2358124,25.63739830441134,false, 
553.8236083984375,463.4886474609375,0.5090290518367991,0.5708438449435764,20.518258810043335,1626065204.2760885,23.267821282355683,false, 
551.3242797851562,461.49493408203125,0.5067318748025333,0.572689875849971,20.551234245300293,1626065204.3119795,30.32560426291854,false, 
551.5380249023438,464.2244567871094,0.506928331711713,0.5701625400119358,20.58829402923584,1626065204.3518307,26.983427689140505,false, 
544.7051391601562,459.12432861328125,0.5006481058457318,0.5748848809136284,20.628278970718384,1626065204.3878396,25.00941511785295,false, 
546.5841064453125,459.1534118652344,0.5023750978357652,0.5748579519766348,20.67126178741455,1626065204.4278185,23.26511096442815,false, 
555.3228759765625,460.0395202636719,0.510407055125517,0.5740374812373408,20.709254503250122,1626065204.4678323,26.320834876029945,false, 
567.924560546875,462.3896179199219,0.5219894857967601,0.5718614648889613,20.75274395942688,1626065204.5119886,22.994079207052323,false, 
563.2075805664062,468.8221435546875,0.5176540262558881,0.5659054226345486,20.791223526000977,1626065204.5518427,25.987818705660025,false, 
568.8827514648438,468.48516845703125,0.5228701759787167,0.5662174366138599,20.827219009399414,1626065204.5918124,27.781263247138618,false, 
569.8259887695312,470.3918151855469,0.5237371220308191,0.5644520229763454,20.86421775817871,1626065204.6278195,27.027941024847923,false, 
569.732421875,466.45025634765625,0.523651123046875,0.5681016144929109,20.91619634628296,1626065204.6640427,19.238691093232546,false, 
565.1442260742188,467.3077392578125,0.5194340313182157,0.5673076488353588,20.948175191879272,1626065204.7039866,31.270672263268942,false, 
557.0204467773438,471.802734375,0.5119673224056468,0.5631456163194444,20.984167098999023,1626065204.7478256,27.784023688237358,false, 
558.6017456054688,471.9073791503906,0.5134207220638499,0.5630487230088976,21.023231506347656,1626065204.7840066,25.598750061032177,false, 
560.8433227539062,472.4692077636719,0.5154809951782227,0.5625285113299334,21.060057163238525,1626065204.8161654,27.154980641986818,false, 
563.6800537109375,471.06451416015625,0.5180882846607882,0.5638291535554109,21.096047163009644,1626065204.8558416,27.785496147807596,false, 
574.1251831054688,470.0517883300781,0.5276885874131146,0.564766862657335,21.136032342910767,1626065204.8958075,25.648843011594344,false, 
582.2263793945312,464.622802734375,0.5351345398846794,0.569793701171875,21.172958612442017,1626065204.9318175,26.368988193283123,false, 
562.5820922851562,471.62493896484375,0.5170791289385628,0.5633102416992187,21.21684169769287,1626065204.9717906,22.78782346964832,false, 
563.1023559570312,473.9226379394531,0.5175573124605066,0.5611827426486545,21.25075101852417,1626065205.0118175,29.490416660807448,false, 
565.4398193359375,474.9310607910156,0.5197057163014132,0.5602490177860966,21.28765320777893,1626065205.0478225,27.098663255351177,false, 
570.7367553710938,475.765869140625,0.5245742236866671,0.5594760470920139,21.324554204940796,1626065205.0879176,27.099538682207605,false, 
572.3875122070312,476.2337646484375,0.5260914634255802,0.559042810510706,21.364448308944702,1626065205.1238375,25.066360680818512,false, 
577.2022705078125,479.1177062988281,0.5305167927461512,0.5563724941677517,21.406336069107056,1626065205.1638136,23.873322329102397,false, 
580.0509643554688,478.4754638671875,0.5331350775325999,0.5569671630859375,21.439249515533447,1626065205.1958244,30.382719179421798,false, 
580.4439697265625,482.2026062011719,0.5334962957045611,0.5535161053692853,21.481136798858643,1626065205.2357967,23.87359409862939,false, 
587.7535400390625,484.7552795410156,0.5402146507711971,0.551152518943504,21.523025274276733,1626065205.2798004,23.872914686413232,false, 
571.4337768554688,483.44158935546875,0.5252148684333352,0.5523688987449363,21.559927463531494,1626065205.3198307,27.098663255351177,false, 
567.6901245117188,482.59942626953125,0.5217740114997415,0.5531486793800637,21.600818634033203,1626065205.3600276,24.45515713369483,false, 
567.3637084960938,481.7461242675781,0.5214739967794979,0.5539387738263166,21.64470100402832,1626065205.3998055,22.788194897205198,false, 
569.9754028320312,481.53094482421875,0.5238744511323816,0.5541380140516493,21.67960834503174,1626065205.4397914,28.64726934950687,false, 
569.9695434570312,480.7210388183594,0.5238690656774184,0.5548879270200376,21.723490953445435,1626065205.4798446,22.788071086674236,false, 
571.5656127929688,479.559814453125,0.5253360411700081,0.555963134765625,21.764382123947144,1626065205.5198395,25.06695991011451,false, 
580.6939086914062,482.3979187011719,0.5337260190178367,0.553335260461878,21.80228018760681,1626065205.5639834,25.70952912186929,false, 
569.9814453125,481.1285400390625,0.5238800048828125,0.5545106110749422,21.845287799835205,1626065205.6038055,23.251697738750575,false, 
570.5774536132812,480.607421875,0.5244278066298541,0.5549931278935185,21.88026714324951,1626065205.6440275,28.58830104829805,false, 
571.060791015625,477.95867919921875,0.5248720505658317,0.5574456674081307,21.924261569976807,1626065205.6798055,22.73015184851999,false, 
572.9598388671875,477.5440368652344,0.526617498958812,0.5578295954951533,21.962756156921387,1626065205.7198675,25.977678405529613,false, 
571.9877319335938,477.4416198730469,0.5257240183213178,0.5579244260434751,21.99923801422119,1626065205.7638245,27.410885136194906,false, 
581.0926513671875,478.81915283203125,0.5340925104477826,0.556648932562934,22.03925395011902,1626065205.7998395,24.990044030290935,false, 
582.7463989257812,477.7232666015625,0.5356124990126666,0.5576636420355903,22.079244375228882,1626065205.8399105,25.00598573915532,false, 
583.8030395507812,476.5497131347656,0.5365836760577034,0.5587502656159578,22.118210315704346,1626065205.8798575,25.663438064062166,false, 
583.191162109375,474.5467529296875,0.5360212887034697,0.5606048583984375,22.154243230819702,1626065205.9118817,27.752403512138315,false, 
591.488037109375,474.9419860839844,0.5436470929314109,0.5602389017740885,22.191213607788086,1626065205.9518435,27.048682810434332,false, 
588.8286743164062,474.1917419433594,0.5412028256584617,0.5609335722746672,22.228264570236206,1626065205.9917924,26.98985219075565,false, 
578.5862426757812,470.3764953613281,0.5317888259887695,0.5644662079987702,22.266256093978882,1626065206.0279126,26.321660767628085,false, 
578.5264892578125,471.4499816894531,0.5317339055678424,0.5634722391764323,22.30424451828003,1626065206.0678155,26.323808328364766,false, 
578.9093017578125,470.0008544921875,0.5320857552921071,0.564814023618345,22.34627103805542,1626065206.1039305,23.79449941000272,false, 
586.012451171875,470.4688415527344,0.5386143852682674,0.5643807022659867,22.388244152069092,1626065206.1438334,23.824775061346905,false, 
569.9935302734375,472.00506591796875,0.5238911123836741,0.5629582722981771,22.423259496688843,1626065206.1838346,28.558907840533823,false, 
546.6709594726562,479.0836181640625,0.5024549259858972,0.5564040572554977,22.46424627304077,1626065206.2238595,24.398112977063715,false, 
548.4147338867188,479.81109619140625,0.5040576598223518,0.5557304664894387,22.503248691558838,1626065206.2638197,25.63943565542705,false, 
549.717041015625,483.894287109375,0.5052546332864201,0.5519497341579861,22.539213180541992,1626065206.3041825,27.805205308725455,false, 
550.116455078125,483.7528076171875,0.5056217417997473,0.5520807336877893,22.582705974578857,1626065206.3398345,22.992314523467563,false, 
552.3287353515625,483.2502746582031,0.5076550876393038,0.5525460419831453,22.622690439224243,1626065206.3798747,25.009713369149768,false, 
556.50927734375,483.0094299316406,0.5114974975585938,0.552769046359592,22.659170150756836,1626065206.4200985,27.41249746743613,false, 
557.2264404296875,483.0911560058594,0.512156654806698,0.5526933740686487,22.695164442062378,1626065206.4558175,27.782183333222935,false, 
558.9896240234375,483.3572082519531,0.5137772279627183,0.5524470293963397,22.736156940460205,1626065206.4960117,24.394707302178148,false, 
556.5477905273438,482.6064453125,0.5115328957052792,0.5531421802662038,22.77014136314392,1626065206.5358386,29.425246069551918,false, 
553.8953857421875,482.28607177734375,0.5090950236600988,0.5534388224283855,22.8091037273407,1626065206.5678344,25.66579366050667,false, 
554.5346069335938,482.163330078125,0.5096825431374943,0.5535524721498842,22.847103357315063,1626065206.6078584,26.316045726619066,false, 
555.1326904296875,483.3145751953125,0.5102322522331687,0.5524865044487848,22.88599967956543,1626065206.6478186,25.70937153294962,false, 
555.7540893554688,481.95416259765625,0.5108033909517176,0.5537461457429109,22.922901153564453,1626065206.6878636,27.099188504677727,false, 
556.3438720703125,479.6324157714844,0.5113454706528607,0.5558959113226997,22.96778154373169,1626065206.7237875,22.281446223478287,false, 
565.6406860351562,478.1077575683594,0.5198903364293715,0.5573076318811487,22.99969744682312,1626065206.7637956,31.33234228513801,false, 
572.74951171875,477.86968994140625,0.5264241835650276,0.5575280648690684,23.039589643478394,1626065206.7998035,25.0675591680612,false, 
574.0930786132812,479.66815185546875,0.5276590796077952,0.5558628223560474,23.076491117477417,1626065206.8358154,27.099188504677727,false, 
574.4044799804688,477.9900207519531,0.5279452940996956,0.5574166474518952,23.112395524978638,1626065206.8757946,27.85173380081544,false, 
579.2435913085938,478.87811279296875,0.5323930067174575,0.5565943400065104,23.15927028656006,1626065206.9117987,21.333441840829675,false, 
588.0452270507812,481.71435546875,0.5404827454510857,0.5539681893807871,23.195200204849243,1626065206.9517896,27.831958646591595,false, 
592.6942138671875,482.134521484375,0.5447557112749886,0.5535791467737268,23.231104612350464,1626065206.9958296,27.85173380081544,false, 
599.8397216796875,481.66607666015625,0.551323273602654,0.5540128919813367,23.2690269947052,1626065207.0321674,26.36965132215921,false, 
572.440673828125,480.3525695800781,0.5261403252096737,0.5552291022406683,23.310915231704712,1626065207.0718775,23.873050565762814,false, 
570.4769287109375,479.2208251953125,0.5243354124181411,0.5562770137080439,23.344823598861694,1626065207.1038134,29.491246080072,false, 
570.6494750976562,478.76995849609375,0.5244940028471106,0.5566944828739873,23.387710094451904,1626065207.1438186,23.317363338688786,false, 
571.151611328125,479.883056640625,0.524955525117762,0.5556638364438657,23.427603006362915,1626065207.1843915,25.0671097219151,false, 
571.8721923828125,479.1221618652344,0.5256178238812614,0.5563683686433015,23.464504718780518,1626065207.2238526,27.099013419306488,false, 
563.0294189453125,468.7389831542969,0.5174902747659123,0.5659824230052807,23.5014066696167,1626065207.2640045,27.09883833619765,false, 
556.0843505859375,465.0066223144531,0.5111069398767808,0.5694383126718027,23.539304971694946,1626065207.3039546,26.386406386632864,false, 
559.1166381835938,460.2592468261719,0.5138939689187443,0.5738340307165075,23.577204942703247,1626065207.3398087,26.385244457864673,false, 
561.009765625,457.80279541015625,0.5156339757582721,0.5761085227683738,23.61410617828369,1626065207.3798175,27.09936359231142,false, 
561.732177734375,458.63916015625,0.5162979574764476,0.5753341109664352,23.65399980545044,1626065207.4158695,25.066660291885302,false, 
557.5279541015625,456.6439514160156,0.5124337813433479,0.5771815264666522,23.69389295578003,1626065207.4519246,25.06695991011451,false, 
557.2882690429688,452.4023132324219,0.5122134825762581,0.581108969229239,23.72879981994629,1626065207.4918685,28.647660678915376,false, 
567.2843017578125,443.4414367675781,0.5214010126450482,0.5894060770670573,23.769690990447998,1626065207.5238316,24.45515713369483,false, 
572.6494750976562,401.12109375,0.5263322381412282,0.6285915798611111,23.808587551116943,1626065207.5678186,25.70921394596185,false, 
579.263671875,316.5024719238281,0.5324114631204044,0.7069421556260851,23.848480939865112,1626065207.6078324,25.066810100104586,false, 
557.2210693359375,248.5667266845703,0.5121517181396484,0.7698456234402127,23.892363786697388,1626065207.6478124,22.787947277488616,false, 
494.9551696777344,237.496826171875,0.45492203095379996,0.780095531322338,23.932256937026978,1626065207.6879885,25.06695991011451,false, 
512.391845703125,257.5085144042969,0.470948387594784,0.7615661903663917,23.967164039611816,1626065207.7278864,28.647465012874715,false, 
658.6096801757812,281.0600891113281,0.6053397795733284,0.7397591767487702,24.008126974105835,1626065207.7678206,24.412313530565562,false, 
686.8203125,284.64019775390625,0.6312686695772058,0.7364442613389757,24.048128843307495,1626065207.8078024,24.99883180355227,false, 
683.9732666015625,318.91754150390625,0.6286518994499656,0.7047059800889757,24.088172674179077,1626065207.8478434,24.97263569029984,false, 
663.1690063476562,393.5997314453125,0.6095303367165958,0.6355558042173033,24.12616801261902,1626065207.8800595,26.319018096935316,false, 
600.4364013671875,435.0033264160156,0.5518716924330768,0.5972191422073929,24.164165019989014,1626065207.9199445,26.317862095362393,false, 
565.1407470703125,451.9475402832031,0.5194308337043313,0.5815300552933305,24.201234102249146,1626065207.9598296,26.976659227291144,false, 
564.0176391601562,451.3222351074219,0.5183985654045554,0.5821090415672019,24.24015760421753,1626065207.9997945,25.691419050944216,false, 
561.468017578125,453.65118408203125,0.5160551632151884,0.5799526073314525,24.281147480010986,1626065208.0398166,24.396268118470953,false, 
560.2199096679688,457.21380615234375,0.5149080052095301,0.5766538831922743,24.32013726234436,1626065208.0798676,25.64774513101171,false, 
561.65576171875,459.312255859375,0.5162277221679688,0.5747108742042824,24.355140209197998,1626065208.1159456,28.56902317914626,false, 
556.2879028320312,465.3558654785156,0.511294028338264,0.5691149393717447,24.39319348335266,1626065208.1560915,26.278947665202654,false, 
550.0262451171875,477.29345703125,0.5055388282327091,0.5580616138599537,24.431121349334717,1626065208.1918197,26.365838786530134,false, 
544.2327270507812,477.6734619140625,0.500213903539321,0.5577097574869792,24.472114086151123,1626065208.2318306,24.394565419691048,false, 
546.111572265625,474.9529113769531,0.5019407833323759,0.5602287857620805,24.508108377456665,1626065208.2678196,27.782183333222935,false, 
550.615234375,475.9430236816406,0.5060801786534926,0.559312015109592,24.54500985145569,1626065208.3081686,27.099188504677727,false, 
552.4383544921875,474.420166015625,0.5077558405259076,0.5607220685040509,24.590887546539307,1626065208.3439214,21.797084578407173,false, 
553.7420043945312,473.47149658203125,0.5089540481567383,0.5616004661277488,24.628786087036133,1626065208.3839276,26.386240390543414,false, 
559.94970703125,477.029541015625,0.5146596571978401,0.5583059805410879,24.66369366645813,1626065208.4278076,28.647073688811787,false, 
562.5234375,476.7821044921875,0.5170252182904411,0.5585350884331597,24.711565732955933,1626065208.4641256,20.88900841675382,false, 
567.8873291015625,476.7890319824219,0.5219552657183479,0.5585286740903501,24.738494396209717,1626065208.4960785,37.135151885397576,false, 
573.4144287109375,478.6158447265625,0.5270353205063764,0.5568371808087385,24.78137969970703,1626065208.5357945,23.318011496936744,false, 
562.8452758789062,477.75360107421875,0.5173210256239947,0.5576355545609086,24.825262308120728,1626065208.5759935,22.788071086674236,false, 
554.8046264648438,477.089111328125,0.5099307228537167,0.5582508228443287,24.86814856529236,1626065208.6157975,23.31749296745572,false, 
556.1510620117188,477.5054016113281,0.5111682555254768,0.5578653688783999,24.897141456604004,1626065208.6558106,34.491213354714034,false, 
558.161865234375,478.5759582519531,0.5130164202521829,0.556874112729673,24.946135997772217,1626065208.6959777,20.410437084545833,false, 
560.3724365234375,479.6125183105469,0.5150481953340418,0.5559143348976419,24.98204016685486,1626065208.7357986,27.851918747883367,false, 
563.5104370117188,480.53790283203125,0.5179323869593003,0.5550574973777489,25.013955116271973,1626065208.7758014,31.33327855013783,false, 
566.4049682617188,478.880615234375,0.5205928017111385,0.5565920229311343,25.051853895187378,1626065208.8158107,26.386074396542504,false, 
567.7238159179688,477.4844970703125,0.5218049778657801,0.5578847249348958,25.089752912521362,1626065208.8518434,26.385908404630097,false, 
569.62548828125,475.69952392578125,0.523552838493796,0.5595374778464988,25.1356303691864,1626065208.8918927,21.797197854737455,false, 
572.8621826171875,474.3638610839844,0.5265277413760915,0.5607742027000144,25.166548013687134,1626065208.9278874,32.34399049954503,false, 
562.7731323242188,473.907470703125,0.5172547172097599,0.5611967863859953,25.207437992095947,1626065208.9678736,24.455870091250983,false, 
563.1254272460938,473.8043212890625,0.5175785176894244,0.5612922951027199,25.254313468933105,1626065209.0078285,21.333116321652,false, 
564.1621704101562,473.6490783691406,0.5185314066269818,0.561436038547092,25.29221200942993,1626065209.0478275,26.386240390543414,false, 
564.4111938476562,473.9281921386719,0.5187602884629193,0.5611775998716001,25.3281466960907,1626065209.0917835,27.828265470637803,false, 
568.3546752929688,474.4971618652344,0.5223848118501551,0.5606507760507089,25.36530113220215,1626065209.1278365,26.914686499355096,false, 
564.47265625,474.44366455078125,0.5188167796415442,0.5607003106011285,25.404197931289673,1626065209.1638317,25.709056360905944,false, 
561.769775390625,474.65118408203125,0.5163325141457951,0.5605081628870081,25.445088624954224,1626065209.2038527,24.4554423117289,false, 
559.5540161132812,473.5090637207031,0.5142959706923541,0.5615656817400897,25.486976146697998,1626065209.2438254,23.87345821309245,false, 
560.2416381835938,471.78436279296875,0.5149279762716854,0.5631626270435475,25.52088713645935,1626065209.2838216,29.488965289349167,false, 
560.2911376953125,472.048583984375,0.514973472146427,0.5629179777922454,25.558785676956177,1626065209.3199015,26.386240390543414,false, 
560.106201171875,470.37567138671875,0.5148034937241498,0.5644669709382234,25.59668493270874,1626065209.3597915,26.38574241480615,false, 
560.0927734375,469.0409851074219,0.5147911520565257,0.5657027915672019,25.63458228111267,1626065209.3918254,26.387070391876843,false, 
557.5415649414062,468.9505615234375,0.5124462913064396,0.5657865171079283,25.67447853088379,1626065209.4318106,25.065012519645983,false, 
560.7705078125,467.9682312011719,0.5154140696806067,0.5666960822211371,25.71237540245056,1626065209.4717886,26.387402407031097,false, 
563.7975463867188,468.3598937988281,0.5181962742524988,0.5663334316677517,25.749784231185913,1626065209.5117905,26.731657574058023,false, 
563.2874755859375,467.8289794921875,0.5177274591782514,0.5668250189887153,25.79566192626953,1626065209.5518975,21.797084578407173,false, 
566.009765625,467.6524658203125,0.5202295639935661,0.5669884575737847,25.830569982528687,1626065209.5918264,28.646682375439674,false, 
565.4251708984375,468.12689208984375,0.5196922526640051,0.5665491739908854,25.878441333770752,1626065209.6277926,20.889320523739087,false, 
567.4011840820312,466.58160400390625,0.5215084412518669,0.5679799962926795,25.90636682510376,1626065209.6678586,35.809575848644215,false, 
573.509765625,466.76336669921875,0.5271229463465074,0.5678116975007234,25.944265365600586,1626065209.7042274,26.386240390543414,false, 
574.6064453125,466.124755859375,0.5281309240004596,0.5684030038339121,25.986154079437256,1626065209.7438385,23.872778808610423,false, 
566.96533203125,465.8325500488281,0.5211078419404871,0.5686735647696035,26.028042316436768,1626065209.7838864,23.873050565762814,false, 
565.7304077148438,467.244140625,0.5199728012084961,0.5673665364583333,26.06893301010132,1626065209.8278275,25.06651048545662,false, 
571.0084228515625,471.5164489746094,0.5248239180620979,0.5634106953938802,26.104837656021118,1626065209.8638155,27.099188504677727,false, 
568.247802734375,471.5856628417969,0.5222865833955652,0.5633466084798178,26.14273762702942,1626065209.9038584,26.385244457864673,false, 
565.8881225585938,471.7101135253906,0.5201177597045898,0.5632313763653791,26.183627605438232,1626065209.9439557,24.455870091250983,false, 
564.7783813476562,471.9729309082031,0.5190977769739488,0.562988026936849,26.219532251358032,1626065209.9840546,27.851548856203724,false, 
564.7405395507812,467.01861572265625,0.5190629959106445,0.5675753558123553,26.259424924850464,1626065210.0198545,25.067259535506388,false, 
568.4948120117188,465.71856689453125,0.5225136139813591,0.5687791047272859,26.30131459236145,1626065210.0598235,23.872235312866394,false, 
572.919189453125,465.0469665527344,0.5265801373650046,0.5694009568956163,26.34419870376587,1626065210.0958076,23.31865969121972,false, 
563.2777099609375,463.9460754394531,0.5177184834199793,0.5704203005190249,26.373122692108154,1626065210.1360044,34.57337861452735,false, 
566.6597900390625,465.0355224609375,0.52082701290355,0.5694115532769097,26.4155170917511,1626065210.1759984,23.588021258049096,false, 
569.7245483398438,465.5337829589844,0.5236438863417682,0.5689502009639034,26.450424432754517,1626065210.2079084,28.64726934950687,false, 
572.8075561523438,463.0675964355469,0.5264775332282571,0.5712337070041232,26.488322973251343,1626065210.2479446,26.386240390543414,false, 
575.9963989257812,464.301025390625,0.5294084548950195,0.5700916431568287,26.525225162506104,1626065210.2878234,27.098663255351177,false, 
577.2444458007812,463.4873352050781,0.5305555568021887,0.5708450599952981,26.566115617752075,1626065210.3238916,24.4555849032401,false, 
573.4507446289062,468.42535400390625,0.5270686991074506,0.5662728203667535,26.60204529762268,1626065210.3640306,27.832143331121433,false, 
567.311279296875,469.5455627441406,0.5214258081772748,0.5652355900517216,26.64004397392273,1626065210.4039104,26.316706195334362,false, 
567.8076782226562,469.7467956542969,0.5218820571899414,0.5650492632830584,26.6800377368927,1626065210.4399796,25.003898751684094,false, 
568.2042236328125,469.50653076171875,0.5222465290742762,0.5652717307761863,26.715012311935425,1626065210.4801764,28.59219872660095,false, 
570.4879760742188,469.6374816894531,0.5243455662446863,0.565150479917173,26.75998544692993,1626065210.5158665,22.23549681653599,false, 
571.4113159179688,468.93524169921875,0.5251942241893095,0.565800702130353,26.792964220046997,1626065210.5478055,30.322534936344642,false, 
574.4549560546875,467.3413391113281,0.5279916875502643,0.5672765378598814,26.83345890045166,1626065210.5878365,24.69460161203907,false, 
574.7525024414062,466.1190490722656,0.528265167685116,0.5684082878960504,26.871972799301147,1626065210.6318223,25.964652498777387,false, 
573.7778930664062,466.575927734375,0.5273693870095646,0.5679852520978009,26.90797519683838,1626065210.6719365,27.77592794940565,false, 
577.7443237304688,466.40496826171875,0.5310150034287396,0.5681435479058159,26.947970390319824,1626065210.7038345,25.00300443511851,false, 
573.2635498046875,465.1414794921875,0.526896645041073,0.5693134449146412,26.986982583999634,1626065210.7438426,25.633011263284626,false, 
571.0662231445312,463.5528564453125,0.5248770433313706,0.5707843921802662,27.02797842025757,1626065210.7838335,24.392721097534736,false, 
572.1893920898438,461.8077392578125,0.5259093677296358,0.5724002414279514,27.070960760116577,1626065210.8238144,23.265369062740945,false, 
566.4246215820312,459.3270263671875,0.5206108654246611,0.5746971978081596,27.10639476776123,1626065210.8639445,28.221476103646186,false, 
571.5851440429688,455.3839111328125,0.5253539926865521,0.5783482304325811,27.150277137756348,1626065210.9040017,22.788194897205198,false, 
582.214111328125,453.6534423828125,0.5351232640883502,0.5799505163122107,27.192166328430176,1626065210.9438405,23.872507057645024,false, 
580.6874389648438,422.6077880859375,0.5337200725779814,0.6086964925130208,27.227072954177856,1626065210.9838316,28.647856347628903,false, 
560.1981811523438,328.1563720703125,0.5148880341473747,0.6961515073423032,27.264193296432495,1626065211.0242455,26.939406785104115,false, 
570.8936157226562,219.41815185546875,0.524718396803912,0.7968350445782697,27.303044319152832,1626065211.0638156,25.73934815560315,false, 
592.6331176757812,242.81991577148438,0.544699556687299,0.775166744656033,27.352418661117554,1626065211.1040034,20.253434480494082,false, 
681.3936157226562,277.696533203125,0.626280896803912,0.7428735803674769,27.396301984786987,1626065211.1438417,22.78769966315332,false, 
689.0474853515625,397.58660888671875,0.6333157034481273,0.6318642510308159,27.436196088790894,1626065211.1838233,25.066360680818512,false, 
668.9932250976562,416.742431640625,0.6148834789500517,0.6141273781105324,27.481077432632446,1626065211.2358444,22.280972769673724,false, 
654.4189453125,418.00238037109375,0.6014880012063419,0.6129607589156539,27.518975496292114,1626065211.2758296,26.38657238481089,false, 
654.4439086914062,417.6924743652344,0.6015109454884249,0.6132477089210793,27.558869123458862,1626065211.3200517,25.066660291885302,false, 
615.9552001953125,435.9580078125,0.5661352942971623,0.5963351779513889,27.59776520729065,1626065211.3598444,25.70952912186929,false, 
599.1136474609375,454.8067626953125,0.5506559259751264,0.57888262713397,27.634666919708252,1626065211.3958554,27.099013419306488,false, 
601.7532348632812,452.97076416015625,0.5530820173375747,0.5805826257776331,27.677552938461304,1626065211.4358296,23.31762259766396,false, 
605.6343994140625,460.6979675292969,0.5566492641673368,0.5734278078432437,27.719440698623657,1626065211.4760516,23.873322329102397,false, 
600.957275390625,455.7252197265625,0.5523504369399127,0.5780322039568866,27.75634217262268,1626065211.5158255,27.099188504677727,false, 
589.5650024414062,457.2259521484375,0.5418795978321749,0.5766426368995949,27.79623579978943,1626065211.5599387,25.066660291885302,false, 
592.6155395507812,453.3647766113281,0.5446834003224093,0.5802177994339555,27.83313751220703,1626065211.5960116,27.099013419306488,false, 
593.5654907226562,452.1841735839844,0.5455565172083238,0.5813109503851996,27.878017902374268,1626065211.6359825,22.281446223478287,false, 
593.8345947265625,450.20123291015625,0.5458038554472082,0.5831470065646701,27.90893578529358,1626065211.6718726,32.34374108375296,false, 
592.5343627929688,454.21624755859375,0.5446087893317727,0.5794294004087095,27.94882893562317,1626065211.7077997,25.06695991011451,false, 
579.8150024414062,452.2574768066406,0.5329182007733513,0.5812430770308883,27.986727714538574,1626065211.7478216,26.386074396542504,false, 
562.2169189453125,446.5516052246094,0.516743491677677,0.5865262914586951,28.023629903793335,1626065211.7798076,27.098663255351177,false, 
563.8048095703125,409.7421569824219,0.5182029499727137,0.6206091139051649,28.06053113937378,1626065211.8198307,27.09936359231142,false, 
575.5308227539062,334.925048828125,0.5289805356193992,0.6898842140480324,28.099427223205566,1626065211.8598175,25.70952912186929,false, 
616.302734375,252.0284881591797,0.5664547190946692,0.7666402887415003,28.140318155288696,1626065211.8998234,24.455299721880486,false, 
475.3265686035156,221.92282104492188,0.43688103731940775,0.7945159064398871,28.176222324371338,1626065211.9398036,27.851918747883367,false, 
525.32421875,228.02769470214844,0.4828347598805147,0.7888632456461588,28.215118885040283,1626065211.9758165,25.70921394596185,false, 
706.9070434570312,216.81365966796875,0.6497307384715361,0.7992466114185475,28.256009340286255,1626065212.0160706,24.4555849032401,false, 
871.1795654296875,332.7154235839844,0.8007165123434627,0.6919301633481626,28.295990228652954,1626065212.0558317,25.011950480643083,false, 
883.6041870117188,341.106201171875,0.8121362012975356,0.6841609248408564,28.329922199249268,1626065212.0918434,29.47073165590461,false, 
856.6266479492188,349.761962890625,0.7873406690709731,0.6761463306568287,28.368350505828857,1626065212.1320305,26.02248417917856,false, 
864.8311157226562,351.4461975097656,0.7948815401862649,0.6745868541576244,28.409241437911987,1626065212.1678643,24.455299721880486,false, 
856.2933349609375,353.7263488769531,0.78703431522145,0.67247560289171,28.44714069366455,1626065212.2078555,26.38574241480615,false, 
839.6373901367188,351.72967529296875,0.7717255424050724,0.6743243747287326,28.484042167663574,1626065212.2439675,27.099188504677727,false, 
831.7705078125,360.31585693359375,0.7644949520335478,0.6663742065429688,28.52094316482544,1626065212.2842395,27.099538682207605,false, 
784.1139526367188,362.34716796875,0.7206929711734548,0.6644933629918981,28.558842658996582,1626065212.3238485,26.38557642707062,false, 
707.1658935546875,388.3719177246094,0.6499686521642348,0.6403963724772135,28.601752519607544,1626065212.3559875,23.304666707412615,false, 
632.0806274414062,420.4031066894531,0.5809564590454102,0.6107378641764323,28.6447913646698,1626065212.3959324,23.23482422805482,false, 
588.56982421875,453.8544616699219,0.5409649119657629,0.579764387342665,28.68974256515503,1626065212.4359887,22.246346909657948,false, 
596.7787475585938,451.91241455078125,0.5485098782707664,0.581562579119647,28.723793983459473,1626065212.4838336,29.367352368682695,false, 
594.876708984375,448.7310485839844,0.5467616810518152,0.5845082883481626,28.76378297805786,1626065212.5238607,25.024336401983188,false, 
576.989990234375,451.6330261230469,0.5303216822007123,0.5818212721082899,28.81381344795227,1626065212.5558333,19.976681272623356,false, 
570.216796875,461.46038818359375,0.5240963206571692,0.5727218627929688,28.843708992004395,1626065212.5960317,33.44980102240193,false, 
548.0931396484375,466.8354797363281,0.5037620768827551,0.5677449261700666,28.88469433784485,1626065212.6439304,24.398964544370436,false, 
543.2676391601562,465.3628845214844,0.4993268742280848,0.5691084402578848,28.92467975616455,1626065212.6841087,25.009116873669587,false, 
546.1825561523438,462.588623046875,0.502006025875316,0.5716772008825232,28.96566653251648,1626065212.7158186,24.398112977063715,false, 
545.001220703125,462.2238464355469,0.5009202396168428,0.5720149570041233,29.0176420211792,1626065212.7558653,19.23983834936537,false, 
547.0941162109375,464.51190185546875,0.5028438568115234,0.5698963871708622,29.04762840270996,1626065212.7957904,33.34847183792895,false, 
546.9191284179688,465.0587463378906,0.502683022442986,0.5693900496871382,29.076619625091553,1626065212.8357875,34.49319890129772,false, 
550.6820068359375,462.4060363769531,0.5061415504006779,0.5718462626139322,29.11960506439209,1626065212.8758538,23.263691526062985,false, 
547.194091796875,461.7815856933594,0.5029357461368337,0.572424457691334,29.153757572174072,1626065212.9118526,29.280426678580902,false, 
549.450439453125,460.9437255859375,0.5050095950855928,0.5732002540870949,29.19265341758728,1626065212.9518776,25.7096867127209,false, 
551.1045532226562,460.09808349609375,0.506529920241412,0.5739832560221354,29.248558044433594,1626065212.9918296,17.887607098229708,false, 
552.6492309570312,462.3476257324219,0.5079496608060949,0.5719003465440538,29.284549951553345,1626065213.0278544,27.784023688237358,false, 
541.0781860351562,460.6881103515625,0.4973145092234892,0.5734369348596644,29.31359601020813,1626065213.0678325,34.428078930951834,false, 
535.519287109375,458.46661376953125,0.4922052271225873,0.5754938761393229,29.35154700279236,1626065213.1078584,26.34977195341065,false, 
535.238037109375,456.8912048339844,0.491946725284352,0.5769525881166812,29.387477159500122,1626065213.1518476,27.831773964512745,false, 
534.17626953125,455.6552734375,0.49097083596622243,0.5780969690393518,29.433483839035034,1626065213.1878245,21.742509382710928,false, 
535.7321166992188,453.1771240234375,0.492400842554429,0.5803915518301505,29.465503692626953,1626065213.2278297,31.21714213413318,false, 
537.1776733398438,452.0223693847656,0.49372947917265053,0.5814607690881799,29.51041054725647,1626065213.2638197,22.268315344061417,false, 
537.2252807617188,452.4328918457031,0.4937732359942268,0.581080655698423,29.542352437973022,1626065213.3038974,31.30685058294893,false, 
540.2960815429688,450.9847106933594,0.4965956631828757,0.5824215641728154,29.585238933563232,1626065213.3438935,23.317363338688786,false, 
548.4714965820312,451.03497314453125,0.5041098314173081,0.5823750248661748,29.629120588302612,1626065213.3838217,22.788566336870357,false, 
550.1644897460938,450.97711181640625,0.5056658913107479,0.5824286001699942,29.66402792930603,1626065213.4238706,28.64726934950687,false, 
558.85986328125,449.537841796875,0.5136579625746783,0.5837612575954861,29.701926946640015,1626065213.4640474,26.385908404630097,false, 
556.6685791015625,449.86737060546875,0.5116439146154067,0.5834561383282697,29.74281907081604,1626065213.4997976,24.454586797579207,false, 
549.480712890625,449.42181396484375,0.5050374199362362,0.5838686907732928,29.780715942382812,1626065213.5398266,26.387402407031097,false, 
556.2791748046875,443.38690185546875,0.5112860062543083,0.5894565723560474,29.82360315322876,1626065213.5798035,23.316974461035567,false, 
526.5596923828125,328.4137268066406,0.48397030549890857,0.6959132159197772,29.861501216888428,1626065213.6198297,26.38657238481089,false, 
524.3611450195312,239.6865997314453,0.4819495818194221,0.7780679632116247,29.90239191055298,1626065213.6599786,24.4554423117289,false, 
515.8784790039062,315.1217956542969,0.474153013790355,0.7082205595793547,29.940290689468384,1626065213.6997976,26.386074396542504,false, 
535.4406127929688,440.08856201171875,0.49213291617000804,0.59251059072989,29.98018741607666,1626065213.7398276,25.064712947967898,false, 
554.628662109375,448.4950866699219,0.509768990909352,0.5847267716019242,30.025064706802368,1626065213.7799215,22.282985087313858,false, 
560.99560546875,446.521484375,0.5156209609087776,0.5865541811342593,30.056981325149536,1626065213.8158555,31.331640123106343,false, 
564.8682250976562,446.9054260253906,0.5191803539500517,0.5861986796061198,30.095876216888428,1626065213.8558035,25.710317095447383,false, 
562.0753784179688,448.4031677246094,0.5166133992812213,0.5848118817364728,30.13078236579895,1626065213.8878715,28.648247693074783,false, 
560.9635620117188,451.1638488769531,0.5155915092019474,0.5822556954843027,30.168681383132935,1626065213.9277904,26.385908404630097,false, 
557.00537109375,467.9910583496094,0.5119534660788143,0.5666749459725839,30.211567640304565,1626065213.9677956,23.31749296745572,false, 
551.9712524414062,470.1746826171875,0.5073265187880572,0.5646530716507523,30.243484020233154,1626065214.0078125,31.331874173620086,false, 
552.5670776367188,470.36004638671875,0.5078741522396312,0.5644814385308159,30.28437304496765,1626065214.0438747,24.45644048722748,false, 
556.3365478515625,473.2417297363281,0.5113387388341567,0.5618132132071036,30.32326912879944,1626065214.0843205,25.70952912186929,false, 
555.8109130859375,472.870361328125,0.5108556186451632,0.5621570728443287,30.364160537719727,1626065214.1238396,24.455014547171903,false, 
557.5180053710938,477.32281494140625,0.5124246372896082,0.5580344306098091,30.402059316635132,1626065214.1638145,26.386074396542504,false, 
555.2465209960938,475.8156433105469,0.5103368759155273,0.5594299598976418,30.442950963974,1626065214.1998305,24.454871962311675,false, 
558.4207763671875,473.68072509765625,0.5132543900433708,0.5614067360206887,30.483965396881104,1626065214.2398355,24.38166101832852,false, 
566.5013427734375,473.2417297363281,0.5206813812255859,0.5618132132071036,30.519935846328735,1626065214.2798586,27.80059786174944,false, 
553.2831420898438,473.2696533203125,0.50853229971493,0.5617873580367476,30.56192970275879,1626065214.3198545,23.81300706844182,false, 
553.74267578125,473.06024169921875,0.5089546652401195,0.5619812576859086,30.59397029876709,1626065214.3559277,31.210405690984313,false, 
554.08642578125,472.94268798828125,0.509270611931296,0.5620901037145545,30.63193655014038,1626065214.3958206,26.339181874128684,false, 
555.2344970703125,471.5713806152344,0.5103258245131549,0.5633598327636719,30.69398856163025,1626065214.4278235,16.115513034791462,false, 
560.5972290039062,468.06011962890625,0.5152548060697668,0.5666110003436053,30.708961486816406,1626065214.4721985,66.78721676406427,false, 
569.074462890625,467.6054382324219,0.5230463813332951,0.5670320016366464,30.759960174560547,1626065214.5118654,19.608347669982795,false, 
569.3086547851562,469.74481201171875,0.5232616312363568,0.5650510999891494,30.792953729629517,1626065214.5518296,30.308949669400587,false, 
578.639892578125,470.1704406738281,0.5318381365607766,0.564656999376085,30.827966690063477,1626065214.5918036,28.56085254162269,false, 
583.0010375976562,473.084716796875,0.5358465419096106,0.5619585955584491,30.8699631690979,1626065214.6238225,23.811519989099953,false, 
587.833984375,475.798583984375,0.5402885885799632,0.5594457555700232,30.918959379196167,1626065214.6638255,20.40974185542931,false, 
597.74267578125,475.53424072265625,0.5493958417107078,0.5596905178493924,30.95596408843994,1626065214.7038937,27.02358754969106,false, 
594.7898559570312,475.2105712890625,0.5466818529016831,0.5599902117693866,30.986957788467407,1626065214.7440255,32.26462149126518,false, 
551.1455078125,481.14654541015625,0.5065675623276654,0.5544939394350406,31.04094958305359,1626065214.7841287,18.521332874087026,false, 
549.4720458984375,484.9883117675781,0.5050294539507698,0.5509367483633536,31.069944858551025,1626065214.8239555,34.488377256095056,false, 
550.8319091796875,486.5920715332031,0.506279328290154,0.5494517856174045,31.10794949531555,1626065214.8638537,27.022194733824257,false, 
552.3170776367188,485.1410827636719,0.5076443728278665,0.5507952937373408,31.14994168281555,1626065214.9038994,23.26111117273201,false, 
551.7147216796875,484.2486267089844,0.507090736837948,0.5516216419361255,31.183441638946533,1626065214.9439604,29.85078535894498,false, 
553.5222778320312,483.8029479980469,0.5087520935956169,0.5520343074092158,31.219934463500977,1626065214.9797845,27.402647293253715,false, 
542.8426513671875,482.94183349609375,0.4989362604477826,0.5528316356517651,31.271928548812866,1626065215.0198066,19.232956864255613,false, 
545.2254638671875,477.8465881347656,0.501126345466165,0.5575494554307725,31.300928592681885,1626065215.0638134,34.48270645784519,false, 
548.6560668945312,477.811279296875,0.5042794732486501,0.5575821487991899,31.3499596118927,1626065215.0998266,20.395252150487963,false, 
549.7548828125,477.8291931152344,0.5052894143497243,0.5575655619303386,31.38396430015564,1626065215.1398025,29.407709674252942,false, 
552.60791015625,476.6352844238281,0.5079116821289062,0.5586710329408999,31.415942192077637,1626065215.1757977,31.271604846225536,false, 
553.896728515625,476.7940673828125,0.5090962578268612,0.558524011682581,31.461893558502197,1626065215.2163196,21.76213849139228,false, 
556.1885986328125,473.87286376953125,0.511202756096335,0.5612288298430266,31.48997473716736,1626065215.2518537,35.61104083001503,false, 
566.3441162109375,470.4976501464844,0.5205368715174058,0.5643540276421442,31.54185938835144,1626065215.2919598,19.273522654167817,false, 
575.9418334960938,470.7408142089844,0.5293583028456744,0.5641288757324219,31.570857048034668,1626065215.3278334,34.48554162384378,false, 
583.9547729492188,471.3427429199219,0.5367231369018555,0.5635715343334057,31.61486005783081,1626065215.3679225,22.72571818684236,false, 
590.279052734375,472.07098388671875,0.5425358940573299,0.5628972371419271,31.652787923812866,1626065215.4078805,26.365838786530134,false, 
590.2528076171875,474.52532958984375,0.5425117717069738,0.5606246948242187,31.687780380249023,1626065215.4518235,28.577587910253527,false, 
590.9552612304688,474.54754638671875,0.5431574092191809,0.5606041237160011,31.739720821380615,1626065215.4878426,19.25282069642972,false, 
567.7703247070312,474.1942138671875,0.5218477249145508,0.5609312834563078,31.789684057235718,1626065215.5278366,20.014716478734115,false, 
560.7047119140625,472.2081298828125,0.5153535955092486,0.562770250108507,31.805687427520752,1626065215.5599015,62.48683759665092,false, 
559.8936767578125,472.8042297363281,0.5146081587847542,0.5622183057996961,31.84661030769348,1626065215.5998957,24.436207710189173,false, 
562.238037109375,472.81890869140625,0.5167629017549402,0.5622047141746238,31.881592988967896,1626065215.6398125,28.58557330570852,false, 
563.4186401367188,473.5874938964844,0.517848014831543,0.5614930612069589,31.919564247131348,1626065215.6798015,26.335708858931454,false, 
563.9080200195312,471.7781677246094,0.5182978125179515,0.5631683632179543,31.961528778076172,1626065215.7158694,23.829647978546916,false, 
547.2330322265625,471.13470458984375,0.5029715369729435,0.5637641624168113,32.00548696517944,1626065215.7558196,22.748890841441852,false, 
546.762939453125,467.35986328125,0.5025394664091223,0.5672593858506945,32.03241467475891,1626065215.7918015,37.13646706745881,false, 
550.3518676757812,467.34210205078125,0.505838113672593,0.5672758314344618,32.07138156890869,1626065215.8318474,25.66280997803462,false, 
552.2920532226562,467.6238098144531,0.5076213724472943,0.5670149909125435,32.10833668708801,1626065215.8677936,27.05985122676628,false, 
557.2039794921875,469.0033264160156,0.5121360105626723,0.5657376607259115,32.16024684906006,1626065215.9078085,19.264050852673304,false, 
559.0171508789062,469.0832824707031,0.5138025283813477,0.5656636273419415,32.192161083221436,1626065215.9478564,31.33398078560863,false, 
555.105224609375,467.3353271484375,0.5102070079130285,0.5672821044921875,32.22607088088989,1626065215.9878125,29.490001968670022,false, 
554.1593627929688,464.359375,0.5093376496258903,0.5700376157407407,32.28391647338867,1626065216.0238836,17.287401801980035,false, 
552.5305786132812,465.0452880859375,0.5078406053430894,0.5694025110315393,32.303863525390625,1626065216.0639184,50.132721361637024,false, 
554.9199829101562,465.4870300292969,0.5100367489983054,0.568993490713614,32.34076690673828,1626065216.0960584,27.097787885052718,false, 
560.9517211914062,462.1065979003906,0.5155806260950425,0.5721235204626013,32.37766695022583,1626065216.1358335,27.10023906441817,false, 
561.100341796875,452.62554931640625,0.5157172259162454,0.5809022691514757,32.41556668281555,1626065216.1759367,26.385410441423478,false, 
560.8087768554688,336.978515625,0.5154492434333352,0.6879828559027779,32.45845127105713,1626065216.2159624,23.318400409182136,false, 
563.3549194335938,238.35919189453125,0.5177894480088178,0.7792970445421007,32.49335789680481,1626065216.2559695,28.647856347628903,false, 
601.778076171875,289.3080749511719,0.5531048494226792,0.732122152822989,32.532254457473755,1626065216.2918255,25.70921394596185,false, 
608.1343994140625,335.62921142578125,0.5589470582849839,0.6892322116427951,32.572147369384766,1626065216.3318186,25.0671097219151,false, 
597.2060546875,327.72265625,0.5489026237936581,0.6965530960648147,32.60605788230896,1626065216.3677976,29.489379952331067,false, 
593.9743041992188,250.20689392089844,0.5459322648889878,0.7683269500732421,32.65193557739258,1626065216.4038496,21.797084578407173,false, 
556.6932373046875,229.17044067382812,0.5116665784050437,0.7878051475242333,32.68983435630798,1626065216.4438114,26.386074396542504,false, 
668.12109375,236.90289306640625,0.6140818876378676,0.7806454693829572,32.72274684906006,1626065216.4842095,30.383599550871093,false, 
765.25146484375,265.8386535644531,0.7033561257755055,0.7538530985514322,32.75865054130554,1626065216.5238235,27.85228864938808,false, 
765.8040161132812,331.5658264160156,0.7038639853982365,0.6929946051703559,32.79854416847229,1626065216.5558324,25.066660291885302,false, 
748.6041259765625,382.955810546875,0.6880552628461052,0.6454112865306714,32.84242820739746,1626065216.5958085,22.787328251739893,false, 
752.0947875976562,408.15777587890625,0.6912635915419635,0.6220761334454572,32.88032603263855,1626065216.6358225,26.38673838507754,false, 
750.7451782226562,404.4449157714844,0.6900231417487649,0.6255139668782552,32.92129111289978,1626065216.6758015,24.41103480386451,false, 
737.3160400390625,404.7219543457031,0.6776801838594324,0.6252574496799045,32.96424388885498,1626065216.7158375,23.28138234983931,false, 
727.2097778320312,404.2679443359375,0.6683913399191463,0.6256778293185764,32.99416375160217,1626065216.7518256,33.42261321348601,false, 
721.385986328125,416.2123718261719,0.6630385903751149,0.6146181742350261,33.038047552108765,1626065216.7917967,22.78745205419913,false, 
634.0447998046875,422.4132995605469,0.5827617645263672,0.6088765744809751,33.07594656944275,1626065216.8319654,26.385908404630097,false, 
606.4791259765625,436.035400390625,0.5574256672578699,0.5962635181568288,33.10985565185547,1626065216.8721955,29.490624011249782,false, 
601.7704467773438,443.170654296875,0.5530978371115292,0.5896568015769676,33.153738498687744,1626065216.9119885,22.787947277488616,false, 
599.8793334960938,441.9996337890625,0.551359681522145,0.5907410798249422,33.19662404060364,1626065216.9478145,23.317881862404448,false, 
604.2559814453125,447.3559265136719,0.5553823358872357,0.5857815495243779,33.225547313690186,1626065216.9882586,34.57423359409132,false, 
591.8685913085938,457.3924560546875,0.5439968670115751,0.5764884666160301,33.27142524719238,1626065217.0238416,21.79697130325424,false, 
589.6766357421875,458.96160888671875,0.5419822019689223,0.5750355473271123,33.30932307243347,1626065217.0638506,26.38673838507754,false, 
592.2225341796875,454.8204345703125,0.544322182150448,0.5788699679904514,33.35121202468872,1626065217.1078334,23.872642932354363,false, 
594.9500732421875,450.4997253417969,0.5468291114358341,0.5828706246835214,33.39310050010681,1626065217.1480465,23.872914686413232,false, 
568.3443603515625,461.8172607421875,0.5223753312054802,0.5723914252387152,33.425015926361084,1626065217.1877997,31.332810410643717,false, 
559.6807250976562,464.4774169921875,0.514412431155934,0.5699283175998264,33.46391177177429,1626065217.2239985,25.7096867127209,false, 
547.3511962890625,470.05841064453125,0.5030801436480354,0.5647607308846934,33.50779485702515,1626065217.2598076,22.78782346964832,false, 
545.3163452148438,468.77032470703125,0.5012098761165843,0.5659534030490452,33.54369854927063,1626065217.2998166,27.85228864938808,false, 
551.7634887695312,471.2649230957031,0.5071355595308191,0.5636435897262009,33.57960271835327,1626065217.3398066,27.851918747883367,false, 
552.3407592773438,469.66998291015625,0.5076661390416762,0.5651203861942997,33.633458852767944,1626065217.3797996,18.567986931634564,false, 
544.0308837890625,467.7809143066406,0.5000283858355354,0.5668695237901475,33.657395362854004,1626065217.4198444,41.777184577228404,false, 
536.6433715820312,466.848876953125,0.4932383929981905,0.5677325213396991,33.6983597278595,1626065217.4519367,24.41146103121344,false, 
543.3128662109375,464.6159362792969,0.49936844320858226,0.5698000590006511,33.735461473464966,1626065217.4918895,26.95290972650627,false, 
546.316162109375,464.74560546875,0.5021288254681755,0.5696799949363426,33.77934384346008,1626065217.5279467,22.788194897205198,false, 
546.6569213867188,466.25054931640625,0.5024420233333812,0.568286528410735,33.80931067466736,1626065217.5678015,33.3702283395656,false, 
538.8817138671875,462.98138427734375,0.4952956928926356,0.5713135330765335,33.85226106643677,1626065217.6078346,23.282674704546842,false, 
536.5402221679688,461.272705078125,0.49314358655144186,0.5728956434461805,33.8911566734314,1626065217.6478114,25.709844305504475,false, 
538.8975830078125,460.7440185546875,0.49531027849982767,0.5733851680049189,33.92606449127197,1626065217.6878107,28.646878030789406,false, 
540.5112915039062,459.38623046875,0.4967934664557962,0.5746423791956019,33.97094392776489,1626065217.7238746,22.28191969740435,false, 
552.767333984375,462.00823974609375,0.5080582113826976,0.5722145928276909,34.002859354019165,1626065217.7638354,31.332810410643717,false, 
555.1265869140625,461.4524230957031,0.5102266423842486,0.5727292378743489,34.04374957084656,1626065217.8040535,24.45572749641412,false, 
554.3896484375,461.90594482421875,0.5095493092256433,0.5723093103479455,34.082645654678345,1626065217.8398705,25.70952912186929,false, 
552.138671875,462.33502197265625,0.5074803969439339,0.5719120166919849,34.132513761520386,1626065217.8798325,20.05289679769748,false, 
557.7569580078125,463.85528564453125,0.5126442628748277,0.5705043651439525,34.16146206855774,1626065217.9198885,34.54433444794017,false, 
562.9068603515625,465.9247131347656,0.5173776289995979,0.5685882285789208,34.196391105651855,1626065217.9597986,28.629475164331105,false, 
563.5709228515625,467.2548828125,0.5179879805620979,0.5673565899884259,34.239365339279175,1626065217.9959817,23.269757610390187,false, 
563.9954223632812,466.9034118652344,0.5183781455544865,0.5676820260507089,34.276374101638794,1626065218.0359025,27.0206279875794,false, 
563.0642700195312,468.45281982421875,0.5175223070032456,0.5662473890516493,34.32034611701965,1626065218.0678537,22.741736791879934,false, 
562.1104736328125,469.05242919921875,0.5166456559125114,0.5656921951859086,34.35238718986511,1626065218.1077945,31.209941215864276,false, 
562.0435791015625,469.66448974609375,0.5165841719683479,0.5651254724573206,34.3903694152832,1626065218.1479425,26.328104501315053,false, 
565.19091796875,469.251953125,0.519476946662454,0.5655074508101852,34.42435264587402,1626065218.1880226,29.42627827355896,false, 
569.0052490234375,469.94195556640625,0.5229827656465418,0.564868559660735,34.46344995498657,1626065218.2277956,25.57720781042284,false, 
573.2439575195312,469.0550537109375,0.5268786374260398,0.5656897650824653,34.507338523864746,1626065218.2638354,22.784976260579523,false, 
579.9114379882812,469.1883239746094,0.5330068363862879,0.5655663666901765,34.54922652244568,1626065218.3040485,23.87318644665919,false, 
584.1726684570312,471.84796142578125,0.5369234085083008,0.5631037394205729,34.58114194869995,1626065218.3397915,31.332810410643717,false, 
591.4472045898438,470.35760498046875,0.5436095630421358,0.5644836990921586,34.620037317276,1626065218.3800154,25.710001900220057,false, 
589.7026977539062,471.1393737792969,0.5420061560238109,0.5637598390932437,34.66192626953125,1626065218.4198434,23.872642932354363,false, 
592.0961303710938,470.9534912109375,0.5442060021793141,0.5639319525824653,34.69483828544617,1626065218.4559755,30.38403975572829,false, 
603.663330078125,468.1563720703125,0.5548376195571002,0.5665218777126736,34.751686573028564,1626065218.4958055,17.590679377115322,false, 
604.3692016601562,467.4391784667969,0.5554863985847024,0.5671859458640769,34.777618169784546,1626065218.5357997,38.562993610076774,false, 
602.9479370117188,464.8382568359375,0.5541800891651827,0.5695942066333912,34.816514015197754,1626065218.5718305,25.7096867127209,false, 
566.6087646484375,464.87884521484375,0.5207801145665786,0.5695566248010706,34.85241770744324,1626065218.6118455,27.85228864938808,false, 
564.0154418945312,465.6600646972656,0.5183965458589441,0.5688332734284578,34.8933641910553,1626065218.6518285,24.42212155442466,false, 
569.0742797851562,467.00189208984375,0.5230462130378274,0.567590840657552,34.929325342178345,1626065218.6838264,27.80778614617588,false, 
569.2952880859375,470.0765075683594,0.5232493456672219,0.5647439744737413,34.9683563709259,1626065218.7241755,25.62064163021966,false, 
570.6058959960938,469.820556640625,0.5244539485258215,0.5649809660734953,35.004260301589966,1626065218.7639246,27.852103697407564,false, 
571.722412109375,469.4841003417969,0.5254801581887638,0.5652924996835214,35.0481436252594,1626065218.8037815,22.78769966315332,false, 
578.3560180664062,470.5983581542969,0.5315772224875057,0.5642607794867622,35.08803701400757,1626065218.8439655,25.066810100104586,false, 
582.8201293945312,468.8304443359375,0.5356802659876206,0.5658977367259839,35.121946811676025,1626065218.8838737,29.490001968670022,false, 
562.7777099609375,468.8132629394531,0.51725892459645,0.5659136454264323,35.17779898643494,1626065218.9238527,17.904405769633016,false, 
558.3291015625,467.3614196777344,0.5131701301125919,0.5672579447428385,35.219685792922974,1626065218.9598086,23.873865874344,false, 
552.5718383789062,466.3435974121094,0.5078785279217888,0.5682003727665654,35.238635540008545,1626065218.9960117,52.77115285414124,false, 
555.818359375,466.3169860839844,0.5108624626608456,0.5682250128851997,35.275537729263306,1626065219.0358346,27.098663255351177,false, 
558.1854858398438,466.61846923828125,0.5130381303675035,0.5679458618164063,35.31243896484375,1626065219.0717967,27.09936359231142,false, 
557.3984985351562,466.1903381347656,0.5123147964477539,0.5683422795048467,35.35140252113342,1626065219.1117897,25.665008413645403,false, 
547.6934204101562,466.00762939453125,0.5033946878769818,0.5685114542643229,35.39356064796448,1626065219.1482015,23.720218974799803,false, 
549.4892578125,466.439697265625,0.5050452737247243,0.5681113914207176,35.42738652229309,1626065219.1880136,29.563167836702473,false, 
546.8841552734375,462.8208923339844,0.5026508780086741,0.5714621367277922,35.4742329120636,1626065219.2277846,21.346362118806237,false, 
549.7498168945312,459.4051513671875,0.5052847581751206,0.5746248598451967,35.50714659690857,1626065219.2597985,30.382499094530967,false, 
551.07958984375,459.6481628417969,0.506506975959329,0.5743998492205584,35.54803538322449,1626065219.2998285,24.45658309037901,false, 
555.9058837890625,461.8625793457031,0.5109429078943589,0.5723494635687933,35.57995009422302,1626065219.3398275,31.333512625130734,false, 
561.2122192382812,459.2475280761719,0.5158200544469497,0.5747708073368779,35.621838092803955,1626065219.3798296,23.87318644665919,false, 
563.5536499023438,458.231689453125,0.5179721046896542,0.5757113986545139,35.65674567222595,1626065219.4198375,28.647073688811787,false, 
565.3267211914062,459.4224548339844,0.5196017658009249,0.5746088381166812,35.694644927978516,1626065219.4560244,26.38574241480615,false, 
562.6849975585938,457.93304443359375,0.5171737109913546,0.5759879218207465,35.734538078308105,1626065219.4957995,25.06695991011451,false, 
567.5845947265625,457.5600280761719,0.5216770172119141,0.5763333073368779,35.77300977706909,1626065219.5318947,25.993133451494156,false, 
567.0094604492188,457.9013671875,0.521148401148179,0.5760172526041667,35.81844162940979,1626065219.5718255,22.010988953320563,false, 
566.249755859375,457.8981018066406,0.520450143253102,0.5760202761049624,35.853431940078735,1626065219.6118345,28.579340419732898,false, 
568.062255859375,458.85894775390625,0.5221160439883962,0.5751306039315682,35.891390800476074,1626065219.6518376,26.344310380564156,false, 
572.0589599609375,451.7472229003906,0.5257894852582146,0.5817155343514901,35.92938470840454,1626065219.6922724,26.320009036257986,false, 
573.53369140625,452.3168640136719,0.5271449369542739,0.5811880888762297,35.97036671638489,1626065219.7278235,24.400951765944697,false, 
576.763671875,450.692138671875,0.5301136690027574,0.5826924641927083,36.008360385894775,1626065219.7677946,26.320174200066518,false, 
578.3960571289062,450.6259460449219,0.5316140230964211,0.5827537536621094,36.047348737716675,1626065219.7998135,25.648686165756533,false, 
587.0824584960938,451.4243469238281,0.5395978478824391,0.5820144935890481,36.0833044052124,1626065219.8439686,27.812027133659132,false, 
584.3316650390625,434.60150146484375,0.5370695450726677,0.5975912023473668,36.124194622039795,1626065219.8838146,24.45572749641412,false, 
578.7926025390625,253.21206665039062,0.531978494980756,0.7655443827311198,36.1610963344574,1626065219.9238417,27.099013419306488,false, 
548.9028930664062,208.82618713378906,0.5045063355389763,0.8066424193205657,36.20198702812195,1626065219.9558496,24.4554423117289,false, 
522.0596313476562,238.58880615234375,0.47983421998865466,0.7790844387478298,36.24387526512146,1626065219.9958165,23.873050565762814,false, 
534.9271850585938,251.95538330078125,0.49166101567885456,0.7667079784252026,36.27977967262268,1626065220.0438075,27.85173380081544,false, 
584.1007690429688,277.4102478027344,0.5368573244880227,0.7431386594419126,36.31967329978943,1626065220.0758166,25.066660291885302,false, 
547.26025390625,386.242919921875,0.5029965568991268,0.6423676667390046,36.35657548904419,1626065220.1159105,27.098663255351177,false, 
557.0166015625,431.5613708496094,0.5119637882008272,0.6004061381022135,36.40045785903931,1626065220.1558144,22.788194897205198,false, 
562.4769897460938,436.0997619628906,0.5169825273401597,0.5962039241084346,36.43653059005737,1626065220.1958625,27.72177131526768,false, 
560.864990234375,440.4522705078125,0.5155009101418888,0.5921738236038774,36.47243523597717,1626065220.2358077,27.851548856203724,false, 
564.43212890625,448.4302978515625,0.5187795302447151,0.5847867612485532,36.514322996139526,1626065220.2719455,23.873322329102397,false, 
565.1041259765625,446.6989440917969,0.5193971746108111,0.5863898665816696,36.55621123313904,1626065220.3118095,23.873050565762814,false, 
564.5990600585938,446.2509765625,0.518932959612678,0.5868046513310186,36.5911180973053,1626065220.3478324,28.647660678915376,false, 
550.4138793945312,458.4550476074219,0.5058951097376206,0.5755045855486834,36.626025915145874,1626065220.3878565,28.646878030789406,false, 
549.0349731445312,453.5735168457031,0.5046277326696059,0.5800245214391637,36.6719024181366,1626065220.4238296,21.79765097183245,false, 
545.0537719726562,455.7704772949219,0.5009685404160443,0.5779902988009983,36.7038459777832,1626065220.4639277,31.305214918533224,false, 
546.3914184570312,454.7040710449219,0.5021979949053597,0.5789777119954427,36.74580669403076,1626065220.5038476,23.83181435941726,false, 
558.2691650390625,460.996826171875,0.5131150413961971,0.5731510868778935,36.783814430236816,1626065220.5438926,26.31043308074472,false, 
560.9502563476562,457.46380615234375,0.5155792797313017,0.5764224017107928,36.8247971534729,1626065220.5838306,24.4005259054999,false, 
560.0743408203125,459.9814758300781,0.5147742103127873,0.574091226083261,36.86380124092102,1626065220.6239073,25.638338580029952,false, 
563.13671875,459.0016174316406,0.5175888959099265,0.5749985023781106,36.903786420822144,1626065220.6598325,25.009265994872102,false, 
567.4391479492188,457.1123046875,0.5215433345121496,0.5767478660300926,36.94075965881348,1626065220.6998856,27.04658975863603,false, 
573.3767700195312,457.3012390136719,0.5270007077385398,0.5765729268391927,36.99172019958496,1626065220.7320197,19.623025675574517,false, 
581.8079833984375,457.9815673828125,0.5347499847412109,0.5759429931640625,37.02071237564087,1626065220.7718964,34.49206427525863,false, 
594.54736328125,459.23614501953125,0.5464589736040901,0.5747813472041376,37.055726051330566,1626065220.8198366,28.560269103487723,false, 
590.1951904296875,458.7998962402344,0.5424588147331687,0.5751852812590422,37.09771490097046,1626065220.8518417,23.815846553936655,false, 
593.7045288085938,458.61199951171875,0.5456843095667222,0.5753592597113715,37.134711265563965,1626065220.8918126,27.029682807686854,false, 
589.6650390625,456.8446044921875,0.5419715432559743,0.5769957365813079,37.17168378829956,1626065220.9319456,27.047112991217098,false, 
576.0657348632812,458.48858642578125,0.5294721827787512,0.5754735310872396,37.21370887756348,1626065220.9718046,23.795309361986998,false, 
576.0977172851562,458.6178283691406,0.5295015783870921,0.5753538626211661,37.24882698059082,1626065221.0118124,28.475342168151204,false, 
573.9531860351562,459.1026916503906,0.5275305018705481,0.5749049151385273,37.286725759506226,1626065221.0478885,26.386074396542504,false, 
576.8385620117188,457.4593811035156,0.5301825018490062,0.5764264989782263,37.32472276687622,1626065221.0878165,26.317862095362393,false, 
586.4835205078125,457.85003662109375,0.5390473534079159,0.5760647809063947,37.36770844459534,1626065221.1278396,23.81625225000142,false, 
586.4156494140625,457.5389404296875,0.538984971887925,0.5763528329354746,37.41319537162781,1626065221.1639545,21.512560906806176,false, 
564.9341430664062,457.7698669433594,0.5192409403183881,0.576139012089482,37.44466280937195,1626065221.2038655,31.778882288762276,false, 
564.0071411132812,455.6951599121094,0.5183889164644129,0.5780600371184172,37.48566675186157,1626065221.2438216,24.387898803951554,false, 
548.7717895507812,456.7943420410156,0.504385835984174,0.5770422758879485,37.526691913604736,1626065221.2838297,24.37528476451718,false, 
551.8571166992188,458.54022216796875,0.5072216146132525,0.5754257202148437,37.56259632110596,1626065221.3238626,27.85173380081544,false, 
552.5237426757812,458.5420837402344,0.507834322312299,0.57542399653682,37.59959936141968,1626065221.3598187,27.024806381361064,false, 
555.4027099609375,459.73016357421875,0.5104804319493911,0.5743239226164641,37.6385862827301,1626065221.3998196,25.64962726955841,false, 
554.8275146484375,461.5990295410156,0.5099517597871668,0.5725934911657262,37.68558216094971,1626065221.4358256,21.278461811632802,false, 
556.15283203125,461.206298828125,0.5111698823816636,0.572957130714699,37.72055673599243,1626065221.4758034,28.59219872660095,false, 
551.8516845703125,461.6911315917969,0.5072166218477137,0.5725082114890769,37.76253533363342,1626065221.5198324,23.821662851917694,false, 
547.7182006835938,463.28009033203125,0.5034174638635972,0.5710369533962674,37.80322051048279,1626065221.5598114,24.578976360418643,false, 
547.3618774414062,464.9609375,0.5030899608836454,0.5694806134259259,37.83863306045532,1626065221.5958617,28.23857645878638,false, 
545.9686279296875,464.6431884765625,0.5018094006706687,0.5697748254846644,37.87653136253357,1626065221.6358864,26.386406386632864,false, 
547.4960327148438,464.9385070800781,0.5032132653629079,0.569501382333261,37.9230170249939,1626065221.6758616,21.512009231952813,false, 
548.3558349609375,467.053466796875,0.5040035247802734,0.5675430862991898,37.953500270843506,1626065221.7078865,32.804905518708544,false, 
551.1201171875,466.40130615234375,0.5065442253561581,0.5681469387478298,37.9904580116272,1626065221.7478695,27.05793099889041,false, 
550.6671142578125,464.0545654296875,0.506127862369313,0.5703198468243634,38.027435541152954,1626065221.7878265,27.043450788226572,false, 
554.7997436523438,463.2840576171875,0.5099262349745807,0.5710332799840856,38.06442165374756,1626065221.8278334,27.037175032714288,false, 
558.2528686523438,446.02032470703125,0.5131000630995807,0.5870182178638599,38.10630989074707,1626065221.8678417,23.873050565762814,false, 
591.12939453125,282.03460693359375,0.5433174582088695,0.7388568454318576,38.15967679023743,1626065221.9038386,18.738206820141443,false, 
498.5964050292969,248.92266845703125,0.4582687546225155,0.7695160477249711,38.19059348106384,1626065221.9438014,32.34498820118142,false, 
561.4881591796875,231.8629150390625,0.5160736757166245,0.7853121157045717,38.227495431900024,1626065221.9878786,27.09883833619765,false, 
685.3665771484375,266.3872985839844,0.6299325157614315,0.7533450939037182,38.26838684082031,1626065222.0278566,24.455014547171903,false, 
730.5072631835938,290.6537170410156,0.6714221168966854,0.7308761879249855,38.31226944923401,1626065222.0638235,22.788071086674236,false, 
687.4669189453125,230.7611541748047,0.6318629769717946,0.7863322646529587,38.344183921813965,1626065222.1039524,31.333746703620974,false, 
588.7991943359375,215.32713317871094,0.5411757300881779,0.800623024834527,38.38507533073425,1626065222.1439786,24.455014547171903,false, 
596.5635986328125,238.6250457763672,0.548312131096335,0.7790508835404008,38.44192314147949,1626065222.1798234,17.590826927028942,false, 
835.3994140625,250.88124084472656,0.7678303438074449,0.7677025547734013,38.47583293914795,1626065222.2198114,29.490001968670022,false, 
966.7911376953125,339.1018371582031,0.8885947956758387,0.6860168174461082,38.4957799911499,1626065222.2558064,50.132721361637024,false, 
935.5783081054688,358.5653381347656,0.8599065331851735,0.6679950572826244,38.53667116165161,1626065222.2959955,24.45515713369483,false, 
957.5123291015625,347.60418701171875,0.880066478953642,0.6781442712854455,38.573572874069214,1626065222.3318024,27.099013419306488,false, 
801.199951171875,215.90513610839844,0.736397013944738,0.8000878369366681,38.61645793914795,1626065222.3719435,23.31814113291044,false, 
667.0556640625,206.4621124267578,0.613102632410386,0.8088313773826317,38.64837312698364,1626065222.4117975,31.333044478642183,false, 
937.2103271484375,237.4066619873047,0.8614065506879021,0.7801790166784216,38.68627214431763,1626065222.4519725,26.385908404630097,false, 
1079.27294921875,372.0937805175781,0.9919788136201746,0.6554687217429832,38.725168228149414,1626065222.4838207,25.70952912186929,false, 
977.7486572265625,334.2925720214844,0.8986660452450023,0.6904698407208478,38.76705622673035,1626065222.5238266,23.87318644665919,false, 
960.8092651367188,318.3293151855469,0.8830967510447782,0.7052506340874566,38.81492900848389,1626065222.5638275,20.888696319094787,false, 
934.0941772460938,305.58551025390625,0.8585424423217773,0.7170504534686053,38.8568172454834,1626065222.6039805,23.873050565762814,false, 
919.68701171875,288.4891052246094,0.8453005622414982,0.7328804581253616,38.87875843048096,1626065222.6438766,45.576389794410396,false, 
854.9151611328125,288.9017028808594,0.7857676113353056,0.7324984232584635,38.92563343048096,1626065222.6798115,21.333333333333332,false, 
785.4690551757812,320.4518127441406,0.7219384698306813,0.7032853585702401,38.9595422744751,1626065222.7198067,29.490831364607942,false, 
686.5538940429688,380.03594970703125,0.6310237996718463,0.6481148613823784,38.99943685531616,1626065222.7558177,25.066061076913883,false, 
605.6852416992188,437.6784362792969,0.5566959942088407,0.5947421886302806,39.0323486328125,1626065222.7959614,30.384259862940265,false, 
578.543701171875,466.2202453613281,0.5317497253417969,0.5683145876283999,39.08820033073425,1626065222.8318005,17.90455862955105,false, 
585.619873046875,473.5515441894531,0.5382535597857308,0.5615263479727286,39.10814619064331,1626065222.8718145,50.1357176155584,false, 
573.1941528320312,467.97918701171875,0.5268328610588523,0.5666859379521123,39.15601849555969,1626065222.9119015,20.888904383164583,false, 
572.0073852539062,467.30316162109375,0.5257420820348403,0.5673118873878762,39.186936140060425,1626065222.9478376,32.34399049954503,false, 
558.3309936523438,469.0555419921875,0.5131718691657571,0.5656893129701968,39.23181676864624,1626065222.9878166,22.281327858140806,false, 
544.3770751953125,470.4328918457031,0.5003465764662799,0.5644139890317563,39.27370524406433,1626065223.0278265,23.872914686413232,false, 
546.205810546875,468.57232666015625,0.5020273993997013,0.5661367345739294,39.30661725997925,1626065223.0598066,30.38403975572829,false, 
545.2151489257812,467.85137939453125,0.5011168648214901,0.566804278338397,39.34551477432251,1626065223.0998216,25.70858361732905,false, 
544.570556640625,465.4085388183594,0.5005244086770451,0.5690661677607783,39.38440990447998,1626065223.1398296,25.710159496867682,false, 
549.88720703125,468.62371826171875,0.5054110358743107,0.5660891497576679,39.42430377006531,1626065223.1798165,25.06651048545662,false, 
550.5724487304688,467.26129150390625,0.5060408536125632,0.5673506560149016,39.47217607498169,1626065223.2198176,20.888904383164583,false, 
547.7879028320312,466.5277404785156,0.503481528338264,0.5680298699273003,39.498106718063354,1626065223.2598145,38.564411875580404,false, 
554.69677734375,464.1554870605469,0.5098315968232996,0.570226400869864,39.53500723838806,1626065223.2958145,27.099888868787637,false, 
560.0372314453125,464.70556640625,0.5147401024313534,0.5697170681423611,39.580886363983154,1626065223.3358114,21.79640494514917,false, 
561.6209106445312,463.79827880859375,0.5161956899306354,0.5705571492513021,39.61678957939148,1626065223.3758216,27.852658560718247,false, 
564.8125,462.7629699707031,0.5191291360294118,0.5715157685456452,39.65568661689758,1626065223.4158554,25.708898777781865,false, 
567.9615478515625,459.7096252441406,0.5220234814812156,0.5743429395887587,39.69358515739441,1626065223.4558396,26.386240390543414,false, 
565.9995727539062,457.92742919921875,0.5202201955458697,0.5759931211118345,39.73347854614258,1626065223.4918315,25.066810100104586,false, 
567.4089965820312,458.09429931640625,0.5215156218584847,0.5758386117440684,39.76840782165527,1626065223.5318615,28.62927974662808,false, 
565.8499755859375,458.0999755859375,0.5200826981488396,0.5758333559389468,39.82238698005676,1626065223.5678256,18.525668602725204,false, 
565.2672119140625,456.47601318359375,0.5195470697739545,0.5773370248300058,39.85938286781311,1626065223.6078374,27.030031191194286,false, 
547.621337890625,452.91375732421875,0.5033284355612362,0.5806354098849826,39.89738202095032,1626065223.6518495,26.316375956832726,false, 
538.29296875,453.0551452636719,0.4947545668658088,0.5805044951262297,39.930357933044434,1626065223.6918306,30.32516574965115,false, 
536.595703125,452.4253845214844,0.493194580078125,0.5810876069245515,39.969322681427,1626065223.7278323,25.664223214832038,false, 
537.408447265625,452.1163330078125,0.4939415875603171,0.581373765733507,40.008321046829224,1626065223.7678275,25.642100372315387,false, 
529.5205688476562,454.4913330078125,0.4866916993085076,0.5791746916594329,40.056312084198,1626065223.8078125,20.837224090735212,false, 
534.3577270507812,457.7122497558594,0.4911376167746151,0.5761923613371672,40.11431670188904,1626065223.8478224,17.240006740954176,false, 
536.7083740234375,453.25146484375,0.49329813788918886,0.5803227177372685,40.12835931777954,1626065223.8878207,71.21180325642202,false, 
537.052978515625,453.7471008300781,0.49361486995921416,0.5798637955277055,40.175761699676514,1626065223.9278176,21.095986319283774,false, 
524.588134765625,447.8004150390625,0.48215821210075827,0.5853699860749422,40.20767688751221,1626065223.9678113,31.333044478642183,false, 
523.866455078125,448.40484619140625,0.4814949035644531,0.5848103276005499,40.245575189590454,1626065224.0078046,26.386406386632864,false, 
524.0979614257812,449.1076354980469,0.4817076851339901,0.5841595967610678,40.29743695259094,1626065224.0478666,19.282028649712217,false, 
524.093505859375,449.17681884765625,0.4817035899442785,0.584095538104022,40.3293514251709,1626065224.0878696,31.333746703620974,false, 
525.3734741210938,447.4814453125,0.4828800313612994,0.5856653284143518,40.369245529174805,1626065224.1278846,25.066360680818512,false, 
527.2903442382812,446.8847351074219,0.48464186051312613,0.5862178378634982,40.40913915634155,1626065224.1646945,25.066660291885302,false, 
527.55810546875,448.118896484375,0.4848879645852482,0.5850750958478009,40.4490327835083,1626065224.2038324,25.066660291885302,false, 
546.3662719726562,451.0395812988281,0.502174882327809,0.5823707580566406,40.4829421043396,1626065224.2441077,29.490416660807448,false, 
544.7608642578125,450.45477294921875,0.5006993237663718,0.5829122472692418,40.52881956100464,1626065224.2840254,21.797197854737455,false, 
546.7168579101562,449.7451477050781,0.502497112049776,0.5835693076804832,40.56671857833862,1626065224.3158307,26.385908404630097,false, 
545.1138305664062,450.2025451660156,0.5010237413294175,0.5831457915129485,40.60062861442566,1626065224.3559666,29.48979462697481,false, 
543.7951049804688,452.60260009765625,0.49981167737175436,0.5809235184280961,40.64451193809509,1626065224.3958344,22.78769966315332,false, 
542.8394775390625,452.3958435058594,0.4989333433263442,0.5811149597167968,40.68041491508484,1626065224.4398224,27.852843520068,false, 
544.2070922851562,452.45196533203125,0.5001903421738568,0.581062995062934,40.725341796875,1626065224.4718015,22.258388745310103,false, 
543.525146484375,452.15045166015625,0.4995635537540211,0.5813421743887441,40.77279090881348,1626065224.5117936,21.07521003336415,false, 
543.0030517578125,452.8928527832031,0.4990836872774012,0.5806547659414786,40.79173922538757,1626065224.5520175,52.775136835482854,false, 
543.3668823242188,453.07684326171875,0.49941809037152457,0.5804844043872974,40.83861422538757,1626065224.5918396,21.333333333333332,false, 
545.0123291015625,450.35400390625,0.5009304495418773,0.5830055519386574,40.87850785255432,1626065224.6318364,25.066660291885302,false, 
546.3062744140625,450.7140197753906,0.502119737512925,0.5826722039116754,40.91241812705994,1626065224.6678286,29.489587288195178,false, 
546.3238525390625,450.0320129394531,0.5021358938778148,0.5833036917227286,40.94533085823059,1626065224.7078176,30.383379453225736,false, 
551.5009155273438,450.459228515625,0.5068942238302792,0.5829081217447917,40.991363286972046,1626065224.7478454,21.72381573904306,false, 
558.9221801757812,450.0307312011719,0.5137152391321519,0.5833048785174335,41.027320861816406,1626065224.7843397,27.810551860864493,false, 
550.7496948242188,458.4239196777344,0.506203763625201,0.5755334077058015,41.0663537979126,1626065224.8239145,25.619389674802708,false, 
555.831298828125,459.7551574707031,0.510874355540556,0.5743007801197193,41.105321645736694,1626065224.8598397,25.662181922749827,false, 
555.3277587890625,460.1416015625,0.5104115430046531,0.5739429615162037,41.141295194625854,1626065224.8997986,27.798202592720234,false, 
560.1605224609375,459.29974365234375,0.5148534213795382,0.5747224595811632,41.18630075454712,1626065224.9438365,22.21947692128391,false, 
559.0659790039062,459.0469055175781,0.5138474071727079,0.5749565689652054,41.226314544677734,1626065224.9838097,24.99138413871179,false, 
563.9873657226562,459.1750183105469,0.518370740553912,0.5748379460087529,41.26431751251221,1626065225.0198407,26.31373434716053,false, 
571.1932983398438,459.0615539550781,0.5249938403858858,0.5749430055971498,41.34235405921936,1626065225.0598674,12.81450861418415,false, 
558.0514526367188,462.0164489746094,0.5129149380852195,0.5722069916901765,41.349361181259155,1626065225.0998526,142.7119428376999,false, 
555.1642456054688,460.50848388671875,0.5102612551520852,0.5736032556604456,41.37637281417847,1626065225.1318727,37.02108654397811,false, 
554.6541748046875,456.66607666015625,0.5097924400778377,0.5771610401294849,41.42234539985657,1626065225.1758003,21.75209388921446,false, 
555.4039306640625,455.199951171875,0.510481553919175,0.5785185637297454,41.455345153808594,1626065225.2158086,30.303256244084647,false, 
556.9024658203125,456.2920227050781,0.5118588840260225,0.5775073863841869,41.50231885910034,1626065225.2558527,21.28850585213834,false, 
559.6001586914062,456.247314453125,0.5143383811501896,0.5775487829137731,41.53024506568909,1626065225.2879677,35.808658681305545,false, 
575.7102661132812,455.6280822753906,0.5291454651776482,0.578122146041305,41.57425665855408,1626065225.3278637,22.721286254455627,false, 
578.38916015625,455.8175048828125,0.5316076839671415,0.5779467547381365,41.60822582244873,1626065225.3678155,29.43846375204419,false, 
557.9602661132812,456.8543395996094,0.5128311269423541,0.5769867225929544,41.65020728111267,1626065225.4078486,23.82003941323126,false, 
555.958984375,458.12872314453125,0.5109917135799632,0.5758067378291377,41.685317277908325,1626065225.4478364,28.48191658404748,false, 
557.392578125,457.522216796875,0.5123093548943015,0.5763683177806713,41.724236726760864,1626065225.4838223,25.694094584660622,false, 
559.234130859375,452.798583984375,0.5140019585104549,0.5807420518663194,41.76619291305542,1626065225.5238316,23.834387448359728,false, 
569.8936767578125,452.73760986328125,0.5237993352553424,0.5807985093858508,41.80212593078613,1626065225.5639393,27.82955797072601,false, 
565.7521362304688,388.2486877441406,0.5199927722706514,0.6405104743109808,41.84910225868225,1626065225.6038244,21.287317352930728,false, 
522.7066040039062,252.65985107421875,0.48042886397417855,0.7660556934497975,41.882065773010254,1626065225.6439345,30.336571217786908,false, 
503.3343811035156,268.2434997558594,0.46262351204367247,0.7516263891149451,41.925004720687866,1626065225.6838937,23.288880004886202,false, 
515.7178955078125,284.94244384765625,0.47400541866526885,0.7361644038447628,41.963963985443115,1626065225.7199755,25.667835527241795,false, 
534.1362915039062,280.714599609375,0.4909340914557962,0.7400790744357639,41.99793744087219,1626065225.7598186,29.434745078774693,false, 
560.1499633789062,294.8388671875,0.5148437163409065,0.727001048900463,42.04186701774597,1626065225.7960243,22.763706622379974,false, 
565.4920043945312,292.0784912109375,0.5197536805096794,0.7295569525824652,42.08086538314819,1626065225.8360584,25.642100372315387,false, 
579.630126953125,244.24095153808594,0.5327482784495634,0.7738509707980685,42.11985468864441,1626065225.8760054,25.648058801587446,false, 
593.216796875,213.0240478515625,0.5452360265395221,0.8027555112485533,42.15585541725159,1626065225.9198484,27.777215592259502,false, 
660.562744140625,224.07772827148438,0.6071348751292509,0.7925206219708478,42.196009397506714,1626065225.9558034,24.904131387381398,false, 
773.6478271484375,258.78912353515625,0.7110733705408433,0.7603804411711517,42.250864028930664,1626065225.9957836,18.23000126044759,false, 
749.7300415039062,319.5520324707031,0.6890901116763845,0.7041184884530527,42.27180814743042,1626065226.0318096,47.74610113152563,false, 
765.0963134765625,374.1746520996094,0.7032135234159582,0.653541988796658,42.319751262664795,1626065226.0719585,20.858052196053467,false, 
765.269287109375,383.9184265136719,0.703372506534352,0.6445199754503038,42.35572838783264,1626065226.1118476,27.795439333593993,false, 
746.4120483398438,389.2300720214844,0.686040485606474,0.6396017851652922,42.396690130233765,1626065226.1518126,24.413023992177223,false, 
731.970458984375,403.2942810058594,0.6727669659782859,0.6265793694390192,42.42967629432678,1626065226.1918135,30.315740780895386,false, 
606.3303833007812,441.7957763671875,0.5572889552396887,0.5909298366970486,42.47164034843445,1626065226.2239835,23.829918754616216,false, 
555.182861328125,464.92474365234375,0.5102783651912913,0.5695141262478298,42.52657389640808,1626065226.2638974,18.203812367626124,false, 
557.103759765625,459.6148376464844,0.5120438968434053,0.5744307058828848,42.544549226760864,1626065226.3038113,55.63180093906677,false, 
551.7213745117188,462.4020690917969,0.5070968515732709,0.571849936026114,42.58451700210571,1626065226.3438156,25.02015664799537,false, 
555.7579956054688,455.82818603515625,0.5108069812550264,0.5779368647822627,42.62443494796753,1626065226.3840315,25.05138925388824,false, 
566.9352416992188,458.2331848144531,0.5210801853853113,0.5757100140606916,42.66632342338562,1626065226.4200537,23.872914686413232,false, 
560.5408935546875,459.2972412109375,0.5152030271642348,0.5747247766565393,42.699235677719116,1626065226.4598145,30.383819651705252,false, 
541.7911376953125,475.4055480957031,0.4979697956758387,0.5598096776891638,42.735140323638916,1626065226.4958014,27.851548856203724,false, 
541.5370483398438,477.9560852050781,0.49773625766529755,0.5574480692545574,42.79398226737976,1626065226.5357966,16.99467992431149,false, 
545.2444458007812,479.86907958984375,0.5011437920963063,0.555676778157552,42.8179190158844,1626065226.5758123,41.77676846152314,false, 
545.1254272460938,476.2490234375,0.5010344000423655,0.5590286820023148,42.85681438446045,1626065226.6118517,25.710001900220057,false, 
548.8614501953125,471.9211730957031,0.5044682446648093,0.563035950837312,42.887733459472656,1626065226.6440747,32.34249406249036,false, 
546.2892456054688,470.33612060546875,0.5021040860344382,0.5645035920319734,42.93460822105408,1626065226.6838164,21.333441840829675,false, 
551.1529541015625,469.02813720703125,0.5065744063433479,0.5657146877712673,42.973504066467285,1626065226.7278035,25.7096867127209,false, 
552.5591430664062,468.5762634277344,0.5078668594360352,0.5661330894187644,43.01342010498047,1626065226.7678776,25.052586309879345,false, 
558.6310424804688,463.5697021484375,0.5134476493386662,0.5707687943070023,43.04932379722595,1626065226.8078265,27.85228864938808,false, 
562.7977294921875,463.240234375,0.5172773249009076,0.5710738570601852,43.09819436073303,1626065226.8478155,20.462215457268584,false, 
563.0650634765625,464.3467102050781,0.5175230362836052,0.5700493424027054,43.12412476539612,1626065226.8881786,38.56476645825671,false, 
547.7767944335938,465.2185363769531,0.5034713184132296,0.5692420959472656,43.174988985061646,1626065226.9198217,19.6601856191994,false, 
547.5110473632812,464.6246643066406,0.5032270655912512,0.5697919774938514,43.20790100097656,1626065226.9598305,30.38403975572829,false, 
546.1655883789062,465.51910400390625,0.5019904304953182,0.5689637925889757,43.24579977989197,1626065226.9997957,26.386074396542504,false, 
543.43310546875,465.88006591796875,0.499478957232307,0.5686295685944733,43.28270220756531,1626065227.0398126,27.098488176767024,false, 
544.1076049804688,465.8616638183594,0.5000989016364602,0.5686466075755932,43.32658410072327,1626065227.0798244,22.78844252230324,false, 
547.3890380859375,464.7210693359375,0.5031149247113396,0.5697027135778356,43.36149263381958,1626065227.1198125,28.646291072757943,false, 
548.88916015625,466.1730651855469,0.5044937133789062,0.5683582729763454,43.39639925956726,1626065227.1598296,28.647856347628903,false, 
552.0606689453125,465.2970886230469,0.5074087030747357,0.5691693623860676,43.437289237976074,1626065227.1957977,24.455870091250983,false, 
542.8052978515625,464.9316101074219,0.498901928172392,0.5695077684190538,43.475189447402954,1626065227.2357914,26.385078476394174,false, 
543.1688232421875,463.932373046875,0.4992360507740694,0.5704329879195602,43.52206373214722,1626065227.2758036,21.333658859133795,false, 
544.078857421875,463.0748291015625,0.5000724792480469,0.5712270100911458,43.55896472930908,1626065227.3118317,27.099538682207605,false, 
543.1377563476562,461.327880859375,0.4992074966430664,0.572844554759838,43.59287452697754,1626065227.3518395,29.490001968670022,false, 
543.904541015625,462.0668029785156,0.4999122619628906,0.5721603676124856,43.627782344818115,1626065227.3919923,28.646878030789406,false, 
544.275390625,459.68463134765625,0.5002531163832721,0.5743660820855034,43.66867280006409,1626065227.4278345,24.4555849032401,false, 
542.8475952148438,457.1233825683594,0.49894080442540784,0.5767376087330005,43.70657300949097,1626065227.4678156,26.385078476394174,false, 
541.3358764648438,457.47296142578125,0.49755135704489317,0.576413924605758,43.752448320388794,1626065227.5040107,21.79821739469376,false, 
538.568359375,458.0198669433594,0.4950076832490809,0.5759075306080006,43.79234218597412,1626065227.5439377,25.06651048545662,false, 
539.4121704101562,455.4898986816406,0.495783244862276,0.5782500938132957,43.82326054573059,1626065227.5838187,32.34324226370864,false, 
544.3822021484375,455.5911560058594,0.5003512887393727,0.5781563370316116,43.86814022064209,1626065227.6158285,22.281801327036373,false, 
545.6749267578125,456.595947265625,0.5015394547406364,0.5772259747540509,43.89905786514282,1626065227.6559067,32.34399049954503,false, 
553.0794067382812,456.816162109375,0.5083450429579791,0.5770220721209491,43.935959339141846,1626065227.6957946,27.099188504677727,false, 
546.0103759765625,459.98773193359375,0.5018477720372817,0.5740854333948207,43.97585415840149,1626065227.7358146,25.0659112776473,false, 
544.7974243164062,462.5076599121094,0.5007329267614028,0.5717521667480469,44.017815351486206,1626065227.7758124,23.831543540267504,false, 
543.1478881835938,462.7242431640625,0.49921680899227366,0.5715516266999421,44.051796436309814,1626065227.8158386,29.428136423274186,false, 
543.7068481445312,462.2335510253906,0.49973055895637064,0.5720059712727865,44.09078907966614,1626065227.8519797,25.64586326866283,false, 
543.9237670898438,462.73919677734375,0.49992993298698873,0.5715377807617188,44.13179063796997,1626065227.8919954,24.389316927657248,false, 
547.5857543945312,462.4781494140625,0.5032957301420324,0.5717794912832754,44.17178130149841,1626065227.9280016,25.005836657068077,false, 
547.3952026367188,462.0705871582031,0.5031205906587488,0.5721568637424045,44.20981478691101,1626065227.9677835,26.29262054612472,false, 
555.941650390625,460.4315490722656,0.5109757816090303,0.573674491599754,44.246790409088135,1626065228.0078135,27.044845796230504,false, 
563.3731689453125,463.1238708496094,0.5178062214570887,0.5711816010651765,44.28578495979309,1626065228.0440416,25.64460884717679,false, 
575.2297973632812,464.72442626953125,0.5287038578706629,0.5696996053059895,44.323283195495605,1626065228.0838416,26.667921337241463,false, 
572.6845703125,464.3653259277344,0.5263644947725183,0.5700321056224682,44.36975979804993,1626065228.1239917,21.5162026706064,false, 
573.1107177734375,464.49603271484375,0.5267561744241154,0.5699110808195891,44.40390634536743,1626065228.1558065,29.285537735387965,false, 
558.553466796875,463.4216613769531,0.5133763481588924,0.5709058690954139,44.44179558753967,1626065228.1958096,26.39271578602936,false, 
518.7027587890625,463.65899658203125,0.47674885918112364,0.570686114275897,44.48080134391785,1626065228.2442095,25.637241598513466,false, 
510.3990478515625,464.1370849609375,0.469116771922392,0.5702434398509838,44.519798040390015,1626065228.2798057,25.64319776968037,false, 
515.915283203125,465.22705078125,0.47418684117934284,0.5692342122395833,44.55602240562439,1626065228.3200574,27.605728727885424,false, 
520.0401611328125,465.0090026855469,0.47797808927648205,0.5694361086244937,44.595916986465454,1626065228.3518076,25.066061076913883,false, 
519.0830078125,459.8101501464844,0.47709835276884194,0.5742498609754774,44.6328182220459,1626065228.3918335,27.09936359231142,false, 
521.718505859375,457.5306701660156,0.4795206855325138,0.5763604905870225,44.67276072502136,1626065228.4318235,25.035987369501765,false, 
527.9046020507812,454.4745788574219,0.48520643570843863,0.5791902047616464,44.71176481246948,1626065228.4720185,25.638338580029952,false, 
531.4664306640625,455.31158447265625,0.4884801752427045,0.5784151995623553,44.7517626285553,1626065228.5120785,25.001365020892568,false, 
537.4608154296875,457.9806213378906,0.493989720064051,0.5759438691315828,44.78574776649475,1626065228.5518208,29.42462678190594,false, 
538.4833374023438,458.0181579589844,0.4949295380536248,0.5759091130009404,44.82474732398987,1626065228.5878165,25.641316574558616,false, 
539.91552734375,459.743408203125,0.4962458891027114,0.5743116590711805,44.86674118041992,1626065228.6239336,23.81300706844182,false, 
544.7290649414062,458.1515808105469,0.5006700964534984,0.5757855733235677,44.903698444366455,1626065228.6638145,27.058280110960585,false, 
546.7132568359375,460.4313049316406,0.5024938022389132,0.5736747176558883,44.94767951965332,1626065228.7039256,22.73705209519163,false, 
552.6769409179688,461.07073974609375,0.5079751295201919,0.5730826483832465,44.98664665222168,1626065228.7441654,25.662652961331375,false, 
556.5682373046875,460.2084045410156,0.5115516886991613,0.573881106906467,45.02062702178955,1626065228.7838397,29.428755858662402,false, 
556.9202270507812,460.7541809082031,0.5118752086863798,0.5733757584183304,45.078575134277344,1626065228.8198087,17.256817471158435,false, 
566.4815673828125,462.86297607421875,0.520663205315085,0.5714231703016492,45.107571601867676,1626065228.8599105,34.48695938168064,false, 
583.529296875,462.87109375,0.5363320743336397,0.5714156539351851,45.145469665527344,1626065228.9080174,26.38657238481089,false, 
583.685546875,461.6888427734375,0.5364756864659926,0.5725103307653356,45.18536376953125,1626065228.9440327,25.066360680818512,false, 
586.1809692382812,461.7840881347656,0.5387692731969497,0.5724221406159578,45.223262548446655,1626065228.9838626,26.386074396542504,false, 
590.948486328125,462.0889892578125,0.5431511822868796,0.5721398247612848,45.26116108894348,1626065229.0238335,26.386240390543414,false, 
594.0379028320312,461.2552490234375,0.5459907195147347,0.57291180645978,45.30304956436157,1626065229.0638225,23.872914686413232,false, 
596.3650512695312,456.977294921875,0.5481296427109662,0.576872875072338,45.34194612503052,1626065229.1038406,25.70921394596185,false, 
602.3163452148438,458.4198303222656,0.5535995819989372,0.5755371941460503,45.379843950271606,1626065229.1398087,26.38673838507754,false, 
543.79638671875,457.79302978515625,0.49981285544002757,0.5761175650137442,45.41874074935913,1626065229.1798077,25.709056360905944,false, 
545.119384765625,458.311767578125,0.5010288462919348,0.5756372522424769,45.45863461494446,1626065229.2198505,25.06651048545662,false, 
550.1544799804688,459.73822021484375,0.5056566911585191,0.5743164627640336,45.505510091781616,1626065229.2557867,21.333116321652,false, 
552.4761352539062,461.006591796875,0.5077905654907227,0.5731420446325232,45.53642773628235,1626065229.2959654,32.34399049954503,false, 
555.1027221679688,462.0354919433594,0.5102047078749713,0.5721893593117042,45.57332921028137,1626065229.3359587,27.099188504677727,false, 
554.5418090820312,462.236572265625,0.5096891627592199,0.572003173828125,45.616214752197266,1626065229.3679585,23.317881862404448,false, 
554.0015258789062,462.5622253417969,0.5091925789328182,0.5717016432020399,45.65112090110779,1626065229.4079666,28.648247693074783,false, 
528.0919189453125,462.4969177246094,0.48537860197179455,0.5717621132179542,45.69001746177673,1626065229.4478426,25.70921394596185,false, 
527.5125122070312,460.86187744140625,0.4848460590138155,0.5732760394061054,45.72791647911072,1626065229.4878056,26.385908404630097,false, 
534.1165771484375,459.8072814941406,0.4909159716437845,0.574252517135055,45.765814781188965,1626065229.5278864,26.386406386632864,false, 
536.639892578125,460.80181884765625,0.49323519538430605,0.573331649215133,45.808701276779175,1626065229.5678024,23.317363338688786,false, 
535.74951171875,460.00567626953125,0.4924168306238511,0.5740688182689526,45.84969973564148,1626065229.6079535,24.998980802126606,false, 
542.9729614257812,460.4639892578125,0.49905603072222543,0.5736444543909143,45.88666248321533,1626065229.6478906,27.05426586597692,false, 
543.3030395507812,462.2467041015625,0.499359411351821,0.5719937924985532,45.923622846603394,1626065229.6878235,27.056011043522574,false, 
547.2630004882812,461.9504089355469,0.5029990813311409,0.5722681398744937,45.965595722198486,1626065229.7238185,23.824910393247258,false, 
547.3251342773438,461.27581787109375,0.5030561895931468,0.5728927612304687,46.00853490829468,1626065229.7638276,23.288750694058855,false, 
550.641845703125,460.70794677734375,0.506104637594784,0.5734185677987558,46.04652166366577,1626065229.8038235,26.324964852379996,false, 
555.6085815429688,461.1151428222656,0.5106696521534639,0.5730415344238281,46.08544182777405,1626065229.8438056,25.69362239115919,false, 
555.960693359375,459.48486328125,0.5109932843376609,0.5745510525173612,46.12433886528015,1626065229.8838265,25.708898777781865,false, 
560.6259155273438,457.2713317871094,0.515281172359691,0.5766006187156394,46.16622710227966,1626065229.9238644,23.873050565762814,false, 
559.0261840820312,459.4345703125,0.5138108309577493,0.5745976200810186,46.20013618469238,1626065229.9640107,29.490624011249782,false, 
572.1602783203125,460.966796875,0.5258826087502873,0.5731788917824074,46.243022203445435,1626065230.0001886,23.31762259766396,false, 
569.5975341796875,462.28802490234375,0.5235271453857422,0.5719555324978298,46.28191781044006,1626065230.0398145,25.709844305504475,false, 
577.3775634765625,460.7873229980469,0.5306779076071346,0.5733450712981047,46.318819999694824,1626065230.0798097,27.098663255351177,false, 
580.7703247070312,459.08612060546875,0.5337962543263155,0.57492025869864,46.35771632194519,1626065230.1198115,25.70937153294962,false, 
589.1755981445312,458.2190856933594,0.5415216894710765,0.5757230688024451,46.399603843688965,1626065230.1598506,23.87345821309245,false, 
556.7822875976562,464.34027099609375,0.511748426100787,0.5700553046332466,46.435508012771606,1626065230.1958885,27.851918747883367,false, 
531.3946533203125,471.9236145019531,0.4884142034194049,0.5630336902759694,46.47440552711487,1626065230.2358234,25.70858361732905,false, 
532.7061767578125,471.6673278808594,0.4896196477553424,0.563270992702908,46.51330232620239,1626065230.2717977,25.709056360905944,false, 
530.2373046875,472.49005126953125,0.4873504638671875,0.562509211787471,46.55020332336426,1626065230.3118286,27.099538682207605,false, 
531.749267578125,474.06671142578125,0.488740135641659,0.5610493412724248,46.58710432052612,1626065230.3518054,27.099538682207605,false, 
534.8209838867188,476.10687255859375,0.4915634043076459,0.5591603031864874,46.62699747085571,1626065230.3919084,25.06695991011451,false, 
537.04638671875,475.270751953125,0.4936088113223805,0.5599344889322917,46.66699981689453,1626065230.4240074,24.99853381173189,false, 
540.9076538085938,474.36175537109375,0.4971577700446634,0.5607761524341724,46.70600605010986,1626065230.4640017,25.636928192464733,false, 
552.2860107421875,469.7225036621094,0.5076158186968636,0.5650717558684173,46.74359631538391,1626065230.5039074,26.60263216313069,false, 
550.9724731445312,465.9617614746094,0.5064085231107824,0.5685539245605469,46.783995389938354,1626065230.5398376,24.753042267152956,false, 
557.3124389648438,467.53533935546875,0.5122356975779814,0.5670969080041957,46.821977376937866,1626065230.5798125,26.328269766741155,false, 
555.89892578125,466.4306945800781,0.5109365126665901,0.5681197272406684,46.861979246139526,1626065230.6198075,24.99883180355227,false, 
556.8873901367188,467.0623474121094,0.51184502769919,0.5675348635073061,46.89999079704285,1626065230.6597924,26.30779266395705,false, 
561.6641845703125,462.87933349609375,0.5162354637594784,0.5714080245406539,46.94196915626526,1626065230.6998165,23.821798148463678,false, 
561.361572265625,463.43731689453125,0.515957327450023,0.5708913732458044,46.97997045516968,1626065230.7398255,26.314889986134553,false, 
566.7213745117188,463.6662292480469,0.5208836162791532,0.5706794173629195,47.014989376068115,1626065230.7759876,28.55599128540305,false, 
565.0364379882812,466.1523132324219,0.5193349613862879,0.5683774877477575,47.05296802520752,1626065230.8158154,26.330583700578803,false, 
563.4085693359375,466.391357421875,0.517838758580825,0.568156150535301,47.09596800804138,1626065230.8558354,23.25582323750381,false, 
564.6312255859375,467.9488830566406,0.5189625235164866,0.5667139971697772,47.13794136047363,1626065230.8961806,23.824639730983986,false, 
563.8822021484375,466.0765380859375,0.5182740828570198,0.5684476499204283,47.19297814369202,1626065230.9358764,18.169666567030987,false, 
563.6175537109375,466.523193359375,0.5180308398078469,0.568034080222801,47.21994113922119,1626065230.9758344,37.08786729271118,false, 
563.6885986328125,466.7532653808594,0.5180961384492762,0.5678210505732784,47.2699236869812,1626065231.0198014,20.006983333492336,false, 
564.2049560546875,467.2085266113281,0.5185707316679113,0.5673995123969184,47.29491424560547,1626065231.0558107,40.01511190826003,false, 
561.1241455078125,467.18182373046875,0.5157391043270335,0.567424237286603,47.33990740776062,1626065231.0958114,22.225599448904433,false, 
573.7802124023438,465.3594970703125,0.5273715187521542,0.5691115767867476,47.3748984336853,1626065231.1358097,28.57875622602427,false, 
576.576171875,465.32330322265625,0.5299413344439339,0.5691450896086516,47.41488313674927,1626065231.1758454,25.00956424261216,false, 
581.9888305664062,465.52947998046875,0.5349162045647117,0.5689541852032697,47.45086693763733,1626065231.2118397,27.7902827194604,false, 
588.5386962890625,466.916015625,0.5409363017362707,0.5676703559027778,47.49081230163574,1626065231.2518597,25.034194206860327,false, 
580.4642333984375,467.2242431640625,0.5335149204029757,0.5673849600332754,47.53079056739807,1626065231.2877934,25.01359128344893,false, 
579.054443359375,463.2928161621094,0.5322191574994255,0.5710251702202691,47.56680488586426,1626065231.3278055,27.76673397107014,false, 
583.4732055664062,463.6786193847656,0.5362805198220646,0.5706679450141059,47.606751441955566,1626065231.3678114,25.033447131568266,false, 
582.970458984375,464.2530517578125,0.5358184365665212,0.5701360631872107,47.645740032196045,1626065231.4039166,25.64852932183697,false, 
568.9550170898438,463.66021728515625,0.52293659658993,0.5706849839952257,47.68366813659668,1626065231.4439116,26.365673049119323,false, 
568.828369140625,462.9544982910156,0.5228201922248391,0.5713384275083189,47.72768974304199,1626065231.4838407,22.716117850953207,false, 
562.67431640625,460.76495361328125,0.5171638937557445,0.5733657836914062,47.76062750816345,1626065231.5238516,30.36028693241453,false, 
560.314453125,460.37750244140625,0.5149949017693015,0.5737245347764757,47.801604986190796,1626065231.5557787,25.01254711130194,false, 
561.3123779296875,458.5105895996094,0.5159121120677275,0.5754531577781394,47.841607093811035,1626065231.5957866,24.390451545372606,false, 
562.5758056640625,458.8122863769531,0.517073350794175,0.5751738089102285,47.87853646278381,1626065231.6358545,27.07871885753391,false, 
562.8221435546875,444.58056640625,0.5172997642965877,0.5883513274016203,47.930397272109985,1626065231.6758904,19.282383229128357,false, 
562.0111083984375,361.0428771972656,0.5165543275720933,0.6657010396321614,47.95732617378235,1626065231.7157986,37.13482310443744,false, 
613.6517944335938,257.9330139160156,0.5640181934132296,0.7611731352629485,47.995224952697754,1626065231.7558196,26.386074396542504,false, 
599.2869873046875,255.33485412597656,0.5508152456844554,0.763578838772244,48.03212642669678,1626065231.7917967,27.099188504677727,false, 
545.7991943359375,238.0570831298828,0.5016536712646484,0.7795767748797382,48.076009035110474,1626065231.8318307,22.788071086674236,false, 
636.6509399414062,273.1024475097656,0.5851571139167336,0.7471273634168837,48.11191368103027,1626065231.8721917,27.851548856203724,false, 
663.8121948242188,294.7469177246094,0.6101215025957893,0.7270861872920283,48.14981293678284,1626065231.9118207,26.38574241480615,false, 
657.1500244140625,330.7335205078125,0.6039981842041016,0.6937652587890625,48.201674461364746,1626065231.9517806,19.282117293343692,false, 
665.0101928710938,402.8487548828125,0.6112226037418141,0.6269918936270255,48.22760462760925,1626065231.9918003,38.565121047453545,false, 
648.0289916992188,417.2785339355469,0.5956148820764878,0.6136309870967158,48.26749849319458,1626065232.0278306,25.06651048545662,false, 
632.5350341796875,428.602294921875,0.5813741122975069,0.6031460232204862,48.306396484375,1626065232.0678225,25.708268464603126,false, 
610.9527587890625,444.97088623046875,0.5615374621223,0.5879899201569734,48.347286224365234,1626065232.1080647,24.45601268775072,false, 
598.027587890625,447.7627868652344,0.5496577094582951,0.5854048269766348,48.3861825466156,1626065232.1479545,25.70937153294962,false, 
597.0093383789062,446.89093017578125,0.5487218183629653,0.5862121016890914,48.423083782196045,1626065232.1878176,27.09936359231142,false, 
583.8903198242188,451.86712646484375,0.5366638968972599,0.5816045125325521,48.464972257614136,1626065232.2278297,23.872914686413232,false, 
581.11376953125,460.7174377441406,0.534111920525046,0.5734097798665365,48.50686049461365,1626065232.2638335,23.873050565762814,false, 
582.9522094726562,461.0176086425781,0.5358016631182503,0.5731318438494647,48.54276466369629,1626065232.3040137,27.851918747883367,false, 
586.6987915039062,459.3576354980469,0.5392452127793256,0.574668856020327,48.58864212036133,1626065232.3438244,21.797197854737455,false, 
586.6576538085938,460.7014465332031,0.5392074023976046,0.5734245865433305,48.61955976486206,1626065232.3837986,32.34399049954503,false, 
586.0437622070312,460.36114501953125,0.5386431637932273,0.573739680537471,48.66045093536377,1626065232.4198246,24.45515713369483,false, 
577.6246337890625,467.3079833984375,0.5309049942914177,0.5673074227792245,48.70034384727478,1626065232.4598465,25.0671097219151,false, 
573.7122802734375,468.164306640625,0.5273090811336741,0.5665145308883102,48.73724579811096,1626065232.4998505,27.09883833619765,false, 
574.5865478515625,470.5313415527344,0.5281126358929802,0.5643228318956164,48.77372407913208,1626065232.5318334,27.413572460310718,false, 
576.427001953125,467.9602355957031,0.5298042297363281,0.5667034855595341,48.813201665878296,1626065232.5718286,25.33082902023783,false, 
577.3096923828125,470.0653381347656,0.5306155260871438,0.5647543165418837,48.8521671295166,1626065232.6118224,25.663752118605178,false, 
575.9993286132812,468.7940979003906,0.5294111476225012,0.5659313908329717,48.89717125892639,1626065232.6518145,22.22018319462177,false, 
572.5437622070312,469.07977294921875,0.5262350755579331,0.5656668768988715,48.93217706680298,1626065232.6919503,28.566688234292524,false, 
572.0833740234375,466.31414794921875,0.5258119246538948,0.5682276407877604,48.972166538238525,1626065232.7318397,25.006582085280932,false, 
569.3677368164062,465.13446044921875,0.5233159345739028,0.5693199440285012,49.01023316383362,1626065232.7719944,26.269730620118626,false, 
571.3908081054688,465.16412353515625,0.5251753750969382,0.5692924782081887,49.059197187423706,1626065232.8078034,20.423158202269075,false, 
574.6060791015625,462.9993591308594,0.5281305874095243,0.5712968896936488,49.087196588516235,1626065232.8478124,35.715049643216,false, 
577.4666137695312,458.24908447265625,0.530759755302878,0.5756952921549479,49.128190994262695,1626065232.8838296,24.393572288490954,false, 
579.0433959960938,454.3048095703125,0.5322090036728803,0.5793473985460069,49.16216707229614,1626065232.9239047,29.432473018679914,false, 
578.6722412109375,453.0789489746094,0.5318678687600529,0.5804824546531395,49.20116567611694,1626065232.9642057,25.641943608930625,false, 
588.799560546875,431.343505859375,0.541176066679113,0.6006078649450232,49.244178771972656,1626065232.9998333,23.248733440496647,false, 
609.2130126953125,263.5061340332031,0.5599384307861328,0.7560128388581453,49.2901406288147,1626065233.0398846,21.75717146147382,false, 
574.242431640625,240.44212341308594,0.5277963526108685,0.7773684042471427,49.32113218307495,1626065233.0798445,32.26685540203711,false, 
550.5261840820312,243.87588500976562,0.5059983309577493,0.7741889953613281,49.35912537574768,1626065233.1198087,26.320504533902294,false, 
610.3930053710938,238.19369506835938,0.5610229828778435,0.7794502823441116,49.409138202667236,1626065233.1598265,19.994870548079078,false, 
728.86328125,273.45501708984375,0.6699111040900735,0.7468009101019966,49.43912935256958,1626065233.1998365,33.34316967692699,false, 
773.9713134765625,289.0549011230469,0.7113706925336052,0.7323565730342159,49.48362183570862,1626065233.2360034,22.475706668810115,false, 
758.1600341796875,345.1702880859375,0.6968382667092716,0.6803978814019097,49.51511287689209,1626065233.2758377,31.7550631042602,false, 
731.4851684570312,377.0589599609375,0.6723209268906537,0.6508713333695023,49.58009386062622,1626065233.3160176,15.389117593102183,false, 
730.190673828125,380.6642150878906,0.6711311340332031,0.647533134177879,49.59909105300903,1626065233.3559735,52.63935742971888,false, 
748.3084106445312,365.3798522949219,0.6877834656659294,0.6616853219491464,49.642040729522705,1626065233.3958297,23.283062438937737,false, 
654.9258422851562,212.10061645507812,0.601953899159151,0.8036105403193721,49.68004322052002,1626065233.4278324,26.314064519367104,false, 
658.182861328125,228.4712371826172,0.6049474828383502,0.7884525581642433,49.712042808532715,1626065233.4678376,31.250402336532158,false, 
693.6266479492188,263.8090515136719,0.6375244926003849,0.7557323597095631,49.75203227996826,1626065233.5081215,25.006582085280932,false, 
642.0508422851562,413.4472351074219,0.5901202594532686,0.6171784860116465,49.79420280456543,1626065233.5479116,23.713245437481625,false, 
605.7626953125,427.5565490722656,0.556767183191636,0.6041143064145689,49.82904314994812,1626065233.5838265,28.70235610513854,false, 
577.4927368164062,454.2962341308594,0.5307837654562557,0.5793553387677228,49.87802863121033,1626065233.6238246,20.414212012070475,false, 
584.0616455078125,451.989501953125,0.5368213653564453,0.5814912018952546,49.91203308105469,1626065233.6640136,30.29712725460311,false, 
579.4370727539062,449.9017333984375,0.5325708389282227,0.5834243209273726,49.94601821899414,1626065233.7039037,28.58518367068766,false, 
578.3453979492188,444.87518310546875,0.5315674613503849,0.588078534161603,49.99600291252136,1626065233.7439954,20.006124463990155,false, 
573.0821533203125,451.0850830078125,0.5267299203311696,0.5823286268446181,50.024003982543945,1626065233.7841086,35.7129209417174,false, 
571.2432250976562,448.22039794921875,0.5250397289500517,0.5849811130099827,50.07694101333618,1626065233.8238225,18.89036814181612,false, 
565.9453735351562,450.9353332519531,0.5201703800874597,0.5824672840259693,50.114882469177246,1626065233.8638465,26.35639507848534,false, 
565.8604736328125,452.1017150878906,0.5200923470889821,0.5813873008445457,50.15985870361328,1626065233.9118323,22.233964504569453,false, 
565.4085083007812,459.9881591796875,0.5196769377764534,0.5740850377965856,50.19083333015442,1626065233.9523804,32.284489327801595,false, 
569.3236694335938,456.6265869140625,0.5232754314647001,0.5771976047092013,50.2327995300293,1626065233.9917815,23.828700310761906,false, 
572.05419921875,458.0484619140625,0.525785109576057,0.5758810537832755,50.26775646209717,1626065234.0318246,28.606629382076115,false, 
574.7876586914062,460.22052001953125,0.5282974804148954,0.5738698888708045,50.3206741809845,1626065234.0717905,18.897262032952924,false, 
564.9868774414062,464.3128356933594,0.5192894094130572,0.5700807076913339,50.35565161705017,1626065234.1118433,28.58985999209303,false, 
551.9528198242188,464.7080383300781,0.5073095770443187,0.5697147793240017,50.39155578613281,1626065234.1518276,27.851918747883367,false, 
551.1368408203125,465.387939453125,0.5065595963421989,0.5690852412471065,50.42746019363403,1626065234.1838365,27.85173380081544,false, 
550.3739624023438,463.2118225097656,0.5058584213256836,0.5711001643428095,50.46735405921936,1626065234.2238336,25.06651048545662,false, 
548.1329345703125,461.782470703125,0.5037986530977137,0.5724236382378471,50.5142285823822,1626065234.2639935,21.333550349429824,false, 
548.393798828125,461.6623840332031,0.504038418040556,0.572534829598886,50.547141551971436,1626065234.3038974,30.383159358769113,false, 
547.462890625,462.0910949707031,0.5031828038832721,0.5721378750271268,50.58404231071472,1626065234.3398836,27.09971377436633,false, 
549.0292358398438,461.4894714355469,0.5046224594116211,0.5726949338559751,50.63490700721741,1626065234.3798325,19.66000131244668,false, 
546.2027587890625,460.9899597167969,0.5020245944752413,0.5731574447066696,50.66183543205261,1626065234.4197745,37.135480672179625,false, 
543.0551147460938,460.62188720703125,0.4991315392886891,0.5734982525860821,50.70272731781006,1626065234.4598055,24.45472937911412,false, 
544.2421875,463.431884765625,0.5002225988051471,0.5708964029947916,50.743616342544556,1626065234.5001845,24.45644048722748,false, 
540.474853515625,463.0858154296875,0.49675997565774355,0.5712168375651041,50.779520988464355,1626065234.5398154,27.851548856203724,false, 
541.3218383789062,463.7275390625,0.4975384543923771,0.5706226490162036,50.8184175491333,1626065234.5799875,25.70921394596185,false, 
541.5748901367188,460.1405944824219,0.4977710387286018,0.5739438939977575,50.85432195663452,1626065234.6198244,27.85173380081544,false, 
539.2942504882812,459.79266357421875,0.49567486258114085,0.5742660522460937,50.89920163154602,1626065234.6559966,22.281801327036373,false, 
553.172607421875,454.4422912597656,0.508430705350988,0.5792201006854022,50.937100410461426,1626065234.6960015,26.386074396542504,false, 
552.3856201171875,454.65008544921875,0.5077073714312386,0.5790276986581309,50.972008228302,1626065234.7358146,28.646878030789406,false, 
551.4244995117188,456.4982604980469,0.5068239885218003,0.5773164254647714,51.01190137863159,1626065234.7758276,25.06695991011451,false, 
546.2301025390625,456.3673400878906,0.5020497265984031,0.577437648066768,51.05181932449341,1626065234.8120086,25.05138925388824,false, 
547.6388549804688,457.75054931640625,0.5033445358276367,0.5761568987811053,51.09078550338745,1626065234.8519816,25.663281039673024,false, 
552.2938842773438,457.35687255859375,0.5076230554019704,0.5765214142975984,51.131773471832275,1626065234.8918207,24.397403383047536,false, 
551.4407348632812,458.6862487792969,0.5068389107199276,0.5752905103895399,51.16876745223999,1626065234.9321938,27.031424815034416,false, 
558.7997436523438,461.7088623046875,0.513602705562816,0.5724917941623264,51.20782160758972,1626065234.9679675,25.605469918500656,false, 
565.697509765625,462.3185729980469,0.5199425641228171,0.5719272472240307,51.26074028015137,1626065235.0078225,18.896921475781344,false, 
563.31982421875,462.4695739746094,0.5177571913775276,0.5717874315049913,51.286744832992554,1626065235.0478356,39.98726296822416,false, 
563.978271484375,462.233154296875,0.5183623818790212,0.5720063386140046,51.33072328567505,1626065235.0878386,22.23455383033201,false, 
562.5155029296875,460.6722717285156,0.5170179254868451,0.5734516002513744,51.36575722694397,1626065235.1279645,28.543748256126527,false, 
561.8370361328125,462.2991027832031,0.5163943346808938,0.5719452752007379,51.407729148864746,1626065235.1640694,23.825451736223535,false, 
560.9658813476562,463.06658935546875,0.515593640944537,0.5712346394856771,51.459614276885986,1626065235.2041786,19.273345525728097,false, 
577.9494018554688,462.9364318847656,0.5312034943524528,0.571355155662254,51.48754048347473,1626065235.2437944,35.808658681305545,false, 
581.22021484375,463.464599609375,0.5342097562902114,0.5708661114728009,51.524442195892334,1626065235.2839096,27.099013419306488,false, 
582.6659545898438,462.2333984375,0.5355385612039005,0.5720061125578704,51.57131743431091,1626065235.3238297,21.333224826940782,false, 
582.8951416015625,460.8926086425781,0.5357492110308479,0.5732475845902054,51.617194175720215,1626065235.3638196,21.797537690792584,false, 
586.235107421875,460.96783447265625,0.5388190325568704,0.5731779310438367,51.65210175514221,1626065235.4078536,28.647073688811787,false, 
590.484130859375,458.1768798828125,0.5427243849810433,0.5757621482566551,51.688005685806274,1626065235.4478376,27.852103697407564,false, 
589.0673217773438,452.3115539550781,0.5414221707512351,0.5811930055971499,51.73089241981506,1626065235.4838295,23.31723371136313,false, 
590.4553833007812,453.4704895019531,0.5426979625926298,0.5801199171278212,51.7737774848938,1626065235.5238826,23.31814113291044,false, 
593.3383178710938,454.4290466308594,0.54534771863152,0.5792323642306858,51.81167650222778,1626065235.5679965,26.385908404630097,false, 
588.1629638671875,455.0205078125,0.5405909594367532,0.578684714988426,51.84758138656616,1626065235.6078765,27.851363914048182,false, 
590.4009399414062,454.522216796875,0.5426479227402631,0.5791460955584491,51.89645051956177,1626065235.6479776,20.462814433190875,false, 
591.4547119140625,454.936279296875,0.5436164631563074,0.5787627043547454,51.927367210388184,1626065235.6878674,32.34498820118142,false, 
593.9474487304688,453.9166259765625,0.5459075815537396,0.5797068277994792,51.968281745910645,1626065235.7281315,24.44119155284136,false, 
575.602783203125,460.0363464355469,0.5290466757381663,0.5740404199670862,52.00374913215637,1626065235.7639184,28.194916678430502,false, 
574.7239990234375,462.65338134765625,0.5282389696906594,0.5716172394929109,52.05321431159973,1626065235.8040066,20.216241227731935,false, 
575.5924682617188,461.9375305175781,0.5290371950934915,0.5722800643355759,52.08423948287964,1626065235.8438225,32.23189296774739,false, 
575.7455444335938,461.3843994140625,0.529177890104406,0.5727922227647569,52.12822890281677,1626065235.8839104,22.732738950163952,false, 
578.2940673828125,460.64453125,0.5315202825209674,0.5734772858796297,52.160221338272095,1626065235.9198186,31.257388997361872,false, 
565.3309326171875,462.85345458984375,0.5196056365966797,0.5714319864908854,52.199214458465576,1626065235.9598124,25.645549651786315,false, 
555.4652709960938,462.1497497558594,0.5105379329008215,0.5720835650408709,52.2392098903656,1626065235.9999125,25.002855388577252,false, 
545.9953002929688,461.76123046875,0.5018339157104492,0.5724433051215279,52.2802095413208,1626065236.0398617,24.390451545372606,false, 
549.0716552734375,461.90228271484375,0.5046614478616154,0.5723127011899595,52.31521797180176,1626065236.0718346,28.564548203437848,false, 
543.2584228515625,462.0015869140625,0.4993184033562155,0.5722207528573495,52.36421227455139,1626065236.1118004,20.41053640685752,false, 
547.644775390625,456.4474182128906,0.5033499773810891,0.5773635016547309,52.39720129966736,1626065236.1517847,30.313111602561325,false, 
549.9859619140625,455.0640869140625,0.5055018032298368,0.5786443639684606,52.4352023601532,1626065236.1919096,26.315055085702813,false, 
551.7388305664062,441.62677001953125,0.5071128957411822,0.5910863240559896,52.47716450691223,1626065236.2318075,23.831001920432723,false, 
563.9957885742188,327.3957824707031,0.5183784821454216,0.6968557569715712,52.51516032218933,1626065236.2719276,26.318687800409123,false, 
552.4051513671875,257.9287109375,0.5077253229477826,0.7611771195023148,52.55516743659973,1626065236.3117905,24.99555428421592,false, 
483.7829284667969,240.3434295654297,0.4446534268996295,0.7774597874394169,52.593239068984985,1626065236.3520765,26.266275894892413,false, 
506.86944580078125,254.2392578125,0.46587265239042397,0.7645932798032408,52.63515305519104,1626065236.3917816,23.858384527872584,false, 
661.0819702148438,276.0982360839844,0.6076121049768785,0.7443534851074218,52.673131227493286,1626065236.4318004,26.33091429575873,false, 
697.7005615234375,289.5097351074219,0.6412688984590418,0.7319354304560908,52.71913146972656,1626065236.4720395,21.739015958411727,false, 
723.0709228515625,301.828857421875,0.6645872452679802,0.7205288357204861,52.749125957489014,1626065236.5118096,33.33945916728932,false, 
731.758056640625,370.33953857421875,0.6725717432358685,0.6570930198386864,52.79008936882019,1626065236.5480065,24.41202935749914,false, 
721.1506958007812,401.07818603515625,0.6628223306992475,0.6286313092267072,52.83005404472351,1626065236.5880957,25.02209707440462,false, 
703.31884765625,410.60107421875,0.6464327643899357,0.619813820167824,52.87411594390869,1626065236.6278307,22.695344923677958,false, 
680.0308227539062,418.90899658203125,0.6250283297370461,0.6121212994610822,52.90799045562744,1626065236.6678185,29.52072072072072,false, 
612.3069458007812,447.39837646484375,0.5627821193021887,0.5857422440140336,52.95197153091431,1626065236.7080386,22.73705209519163,false, 
574.2630004882812,461.9065856933594,0.5278152578017291,0.5723087169505932,52.9869544506073,1626065236.7478685,28.585378486870354,false, 
570.6826782226562,456.25885009765625,0.5245245204252356,0.5775381017614294,53.04395127296448,1626065236.7879057,17.544837740837107,false, 
571.3323974609375,460.6977233886719,0.5251216888427734,0.5734280338993779,53.07500720024109,1626065236.8279715,32.199972362542034,false, 
570.67041015625,458.49481201171875,0.5245132446289062,0.5754677666558159,53.1079523563385,1626065236.8638124,30.35347585068967,false, 
568.8388061523438,457.1799621582031,0.5228297850664925,0.576685220223886,53.148890256881714,1626065236.9040127,24.427241913503313,false, 
563.2568359375,457.55145263671875,0.5176992977366728,0.5763412475585937,53.18786644935608,1626065236.9478235,25.656687750033644,false, 
550.5486450195312,463.85980224609375,0.5060189752017751,0.5705001831054688,53.22685670852661,1626065236.9838154,25.647431468108135,false, 
554.8814697265625,462.5404052734375,0.5100013508516199,0.5717218469690393,53.26884388923645,1626065237.0238297,23.816793199588886,false, 
560.4989013671875,463.64031982421875,0.515164431403665,0.5707034075701678,53.30486178398132,1626065237.0640657,27.763976964321177,false, 
560.3173828125,462.5235595703125,0.5149975944967831,0.5717374448423033,53.343825340270996,1626065237.1039145,25.665008413645403,false, 
561.9866943359375,464.7851867675781,0.5165318881764132,0.5696433455855758,53.39379906654358,1626065237.1438146,20.01051501634026,false, 
562.3932495117188,464.09783935546875,0.5169055602129768,0.5702797783745659,53.42076587677002,1626065237.1798675,37.082620881112575,false, 
569.3385620117188,466.40435791015625,0.523289119496065,0.5681441130461516,53.46075129508972,1626065237.2198355,25.009116873669587,false, 
580.0723266601562,465.3465881347656,0.53315471200382,0.5691235295048467,53.50775694847107,1626065237.2598426,21.274036803343545,false, 
580.3799438476562,467.8251647949219,0.5334374483893899,0.5668285511158131,53.54366087913513,1626065237.2998545,27.852103697407564,false, 
586.5607299804688,467.5472412109375,0.5391183179967544,0.5670858877676505,53.58953833580017,1626065237.3398545,21.797197854737455,false, 
571.836669921875,467.239013671875,0.5255851745605469,0.5673712836371527,53.617464542388916,1626065237.3798225,35.808658681305545,false, 
569.2095336914062,470.01239013671875,0.5231705272898954,0.5648033424660012,53.668328285217285,1626065237.4198325,19.660369929407793,false, 
573.2891845703125,475.0398864746094,0.5269202064065373,0.5601482532642506,53.7251763343811,1626065237.4558544,17.590753151762723,false, 
576.2637939453125,473.5917053222656,0.5296542223762063,0.5614891617386429,53.740137577056885,1626065237.4958766,66.83936766955635,false, 
576.9437255859375,474.545166015625,0.5302791595458984,0.5606063277633102,53.774046659469604,1626065237.5358014,29.490624011249782,false, 
579.1610717773438,474.12860107421875,0.5323171615600586,0.5609920360423901,53.82890009880066,1626065237.5718014,18.23039744080114,false, 
563.8472900390625,473.6390686035156,0.5182419945211971,0.5614453068485967,53.859817028045654,1626065237.6117966,32.344738770001925,false, 
557.34912109375,475.9268798828125,0.5122694127699908,0.5593269630714699,53.90070867538452,1626065237.6517944,24.454871962311675,false, 
560.0607299804688,475.6615295410156,0.5147617003496956,0.559572657832393,53.977503299713135,1626065237.6917903,13.02174479975163,false, 
557.16943359375,473.8127136230469,0.5121042588177849,0.5612845244231047,54.014405250549316,1626065237.7238884,27.09883833619765,false, 
559.3030395507812,473.515869140625,0.5140652937047622,0.5615593804253471,54.031359910964966,1626065237.7637944,58.980833321614895,false, 
562.1649780273438,471.8169860839844,0.5166957518633675,0.5631324202926071,54.06626796722412,1626065237.8038857,28.646682375439674,false, 
552.2684326171875,471.67987060546875,0.5075996623319738,0.5632593790690104,54.09020400047302,1626065237.8438306,41.77801683350764,false, 
553.2445678710938,470.3763427734375,0.5084968454697553,0.5644663492838542,54.12810206413269,1626065237.8839376,26.38657238481089,false, 
548.91357421875,468.6514892578125,0.5045161527745864,0.5660634358723958,54.213873624801636,1626065237.9237955,11.658876114656763,false, 
550.8410034179688,470.1437683105469,0.5062876869650448,0.5646816960087528,54.23484015464783,1626065237.9639785,50.050165867163074,false, 
554.0003662109375,469.2860412597656,0.5091915130615234,0.5654758877224393,54.253334045410156,1626065238.0038555,51.33347204033926,false, 
554.6395874023438,469.9601745605469,0.5097790325389189,0.5648516902217158,54.28283500671387,1626065238.0440075,33.89720049136872,false, 
559.965576171875,469.3474426269531,0.5146742428050322,0.565419034604673,54.31983423233032,1626065238.0838125,27.02759269521735,false, 
562.2078857421875,470.8902893066406,0.5167351891012752,0.5639904728642217,54.36087608337402,1626065238.1198497,24.365372773640367,false, 
565.5166625976562,467.85150146484375,0.5197763442993164,0.5668041653103298,54.399940729141235,1626065238.1598115,25.598593827243377,false, 
565.8703002929688,468.43109130859375,0.5201013789457434,0.5662675080475984,54.443355321884155,1626065238.1998456,23.03372983184509,false, 
574.3364868164062,466.0721435546875,0.5278828003827263,0.5684517189308449,54.47987699508667,1626065238.2358146,27.381001808294656,false, 
573.3785400390625,465.9998779296875,0.5270023345947266,0.5685186315465857,54.5198769569397,1626065238.2760005,25.000023841880648,false, 
577.0693969726562,468.18701171875,0.530394666335162,0.5664935076678241,54.557875871658325,1626065238.3158395,26.316541075047528,false, 
580.5437622070312,465.6271667480469,0.5335880167344037,0.5688637344925491,54.59387445449829,1626065238.3558576,27.778871308505916,false, 
581.1630859375,463.13751220703125,0.5341572481043199,0.5711689701786749,54.635836124420166,1626065238.3958097,23.831272727272726,false, 
592.705810546875,463.9527587890625,0.5447663699879366,0.5704141122323496,54.676820278167725,1626065238.4358165,24.399674229203026,false, 
570.650390625,463.94720458984375,0.5244948443244485,0.5704192550094039,54.73280143737793,1626065238.4758456,17.863152784047838,false, 
570.0908203125,466.5982666015625,0.5239805333754596,0.5679645679615162,54.75877904891968,1626065238.5158024,38.49468602580811,false, 
570.8868408203125,466.3061218261719,0.5247121698716107,0.5682350723831742,54.79382348060608,1626065238.5558705,28.535203793532762,false, 
571.8362426757812,466.77783203125,0.5255847818711225,0.5677983036747685,54.83077573776245,1626065238.5958486,27.061946331675152,false, 
575.3519287109375,464.97528076171875,0.5288161109475529,0.5694673326280382,54.881738901138306,1626065238.6318223,20.013474953954212,false, 
576.5064086914062,465.6140441894531,0.5298772138707778,0.5688758850097656,54.921658754348755,1626065238.6718836,24.439909799145774,false, 
570.6693725585938,465.5746154785156,0.5245122909545898,0.5689123930754485,54.950581073760986,1626065238.7118034,34.57537363262413,false, 
562.6510009765625,466.1021728515625,0.5171424641328699,0.568423914026331,54.994464635849,1626065238.7478144,22.787575858003596,false, 
539.4078979492188,466.1416320800781,0.49577931796803193,0.5683873777036313,55.044331073760986,1626065238.7877855,20.053567928091606,false, 
534.6597900390625,470.38037109375,0.49141524819766774,0.5644626193576389,55.07126045227051,1626065238.8278265,37.13416555998229,false, 
539.1654052734375,471.5923767089844,0.49555643867043886,0.5633403919361255,55.115143060684204,1626065238.8680236,22.788071086674236,false, 
542.6769409179688,470.6596984863281,0.49878395304960366,0.5642039828830295,55.150049448013306,1626065238.9078796,28.648052019015353,false, 
539.8754272460938,465.3711242675781,0.4962090323953068,0.5691008108633535,55.19792199134827,1626065238.9478364,20.88880035061158,false, 
543.6486206054688,463.3290100097656,0.49967704099767346,0.5709916573983651,55.22684454917908,1626065238.9878216,34.575088615942626,false, 
541.206298828125,463.78570556640625,0.49743225995232077,0.5705687911422164,55.266738176345825,1626065239.0239177,25.066660291885302,false, 
546.3720703125,459.61224365234375,0.5021802116842831,0.5744331077293113,55.30363988876343,1626065239.0640316,27.099013419306488,false, 
542.8226928710938,459.27587890625,0.4989179162418141,0.574744556568287,55.3465256690979,1626065239.1039896,23.317752229313527,false, 
542.4986572265625,459.9126281738281,0.49862008936264934,0.5741549739131221,55.38741660118103,1626065239.1438665,24.455299721880486,false, 
542.9102172851562,458.9599304199219,0.49899836147532745,0.5750371014630353,55.42232298851013,1626065239.1758115,28.648052019015353,false, 
544.15869140625,456.49560546875,0.500145856071921,0.5773188838252314,55.46221685409546,1626065239.2158024,25.06651048545662,false, 
549.4747924804688,457.2879638671875,0.5050319783827838,0.576585218641493,55.513081312179565,1626065239.2558076,19.66009346539109,false, 
553.947509765625,458.4234619140625,0.5091429317698759,0.5755338315610532,55.54100680351257,1626065239.2957914,35.809575848644215,false, 
559.8047485351562,459.3480529785156,0.5145264232859892,0.5746777287235967,55.5789053440094,1626065239.3358407,26.386240390543414,false, 
559.7774047851562,460.1980285644531,0.5145012911628274,0.573890714292173,55.62278890609741,1626065239.3758056,22.787575858003596,false, 
560.413818359375,454.13916015625,0.5150862301097197,0.5795007776331018,55.658693075180054,1626065239.4159586,27.851918747883367,false, 
563.6206665039062,455.14105224609375,0.5180337008307961,0.5785730997721354,55.700581550598145,1626065239.4558957,23.872914686413232,false, 
563.3150634765625,455.81439208984375,0.5177528156953699,0.5779496369538484,55.737576484680176,1626065239.4958234,27.03072798515158,false, 
561.3349609375,455.5226745605469,0.5159328685087317,0.5782197457772714,55.777525186538696,1626065239.5357885,25.032102508400126,false, 
568.3339233398438,456.91290283203125,0.5223657383638269,0.5769324973777488,55.81453728675842,1626065239.5760274,27.018191187838188,false, 
567.1727294921875,456.7222900390625,0.52129846460679,0.5771089907045718,55.85402965545654,1626065239.6158786,25.321347717682002,false, 
571.0108032226562,458.5200500488281,0.5248261059031767,0.5754443981029369,55.89951992034912,1626065239.6558325,21.98272536687631,false, 
578.4864501953125,462.9346618652344,0.531697104958927,0.5713567945692275,55.94250011444092,1626065239.6958904,23.26653057601846,false, 
576.646240234375,463.9405517578125,0.5300057355095359,0.5704254150390625,55.980499029159546,1626065239.7399895,26.316541075047528,false, 
581.4641723632812,463.4548034667969,0.5344339819515452,0.570875181975188,56.02551460266113,1626065239.7798166,22.214534264786106,false, 
571.6852416992188,462.11517333984375,0.5254459942088407,0.5721155802408855,56.062461137771606,1626065239.8199224,27.066137514922726,false, 
563.4144897460938,463.6759948730469,0.5178442001342773,0.5706703751175493,56.109405517578125,1626065239.8598025,21.301804478438186,false, 
560.1846923828125,461.3141784667969,0.5148756363812614,0.5728572421603733,56.14739775657654,1626065239.8998125,26.321165226449786,false, 
557.4246826171875,464.6844482421875,0.5123388626996208,0.5697366219979745,56.19538593292236,1626065239.9438396,20.838466392086527,false, 
558.9578857421875,464.26611328125,0.5137480567483341,0.5701239691840279,56.22538638114929,1626065239.9844036,33.33283531085345,false, 
564.0447387695312,466.9171447753906,0.5184234731337604,0.5676693103931568,56.2713348865509,1626065240.0239744,21.76349352953996,false, 
564.7784423828125,466.62420654296875,0.519097833072438,0.5679405494972511,56.30634355545044,1626065240.0639036,28.564353671077452,false, 
565.031494140625,469.131591796875,0.5193304174086627,0.565618896484375,56.344374895095825,1626065240.1042705,26.29410400275836,false, 
569.9364013671875,466.974853515625,0.5238386041977826,0.5676158763744212,56.38133525848389,1626065240.1438475,27.056011043522574,false, 
574.1365966796875,467.48065185546875,0.5276990778305951,0.5671475445782697,56.41943359375,1626065240.1838186,26.247866029187215,false, 
576.566162109375,466.9798278808594,0.5299321342917049,0.5676112704806857,56.46842646598816,1626065240.2198164,20.411132361027978,false, 
578.504150390625,468.1035461425781,0.5317133735207951,0.566570790608724,56.50746726989746,1626065240.2597966,25.61422665176581,false, 
580.0469970703125,469.0470275878906,0.533131431130802,0.565697196677879,56.553444147109985,1626065240.3077965,21.7500635238357,false, 
575.6806030273438,466.2626953125,0.5291182013118968,0.5682752821180556,56.58447289466858,1626065240.3478675,32.22817801819523,false, 
575.3532104492188,464.3832702636719,0.528817289015826,0.5700154904966002,56.625457525253296,1626065240.3839986,24.399390350315876,false, 
573.1484985351562,460.57281494140625,0.5267908993889304,0.5735436898690682,56.66445994377136,1626065240.4239676,25.63943565542705,false, 
579.72900390625,461.1464538574219,0.532839158002068,0.5730125427246093,56.70452404022217,1626065240.4638207,24.96000380859433,false, 
583.0145263671875,461.6448974609375,0.5358589396757238,0.5725510208695024,56.74845886230469,1626065240.5042796,22.760988951355575,false, 
588.2493896484375,462.0254821777344,0.5406703948974609,0.5721986276132089,56.7854585647583,1626065240.5437934,27.027244374565043,false, 
593.169677734375,459.6164855957031,0.5451927185058594,0.5744291800039786,56.82048749923706,1626065240.5798564,28.547828099263555,false, 
603.8594970703125,459.3763122558594,0.5550179201013902,0.5746515627260561,56.860403537750244,1626065240.6198096,25.052586309879345,false, 
599.1857299804688,337.4707336425781,0.550722178290872,0.6875270984790943,56.90179967880249,1626065240.6598186,24.15684106250144,false, 
600.6473999023438,246.43946838378906,0.5520656249102425,0.7718153070520472,56.95366191864014,1626065240.6998527,19.28185136489431,false, 
599.9853515625,259.5480651855469,0.551457124597886,0.7596777174207899,56.99156165122986,1626065240.7398465,26.385410441423478,false, 
556.958251953125,249.687744140625,0.5119101580451516,0.7688076443142361,57.039435386657715,1626065240.7878077,20.888280203389492,false, 
562.4258422851562,246.49942016601562,0.5169355168062097,0.7717597961425782,57.06638312339783,1626065240.8278415,37.10886779265131,false, 
557.3634033203125,239.00816345214844,0.5122825398164637,0.7786961449517145,57.110366344451904,1626065240.8680027,22.735942844443,false, 
544.7951049804688,254.19229125976562,0.5007307950188132,0.7646367673520689,57.14731407165527,1626065240.9079525,27.06526424469252,false, 
616.7954711914062,258.1089172363281,0.5669076021979836,0.7610102618182147,57.188302993774414,1626065240.9478464,24.39683573755235,false, 
741.714599609375,238.3762664794922,0.6817229775821462,0.7792812347412109,57.22525191307068,1626065240.9840205,27.06439103081142,false, 
934.9033203125,361.46124267578125,0.8592861399931067,0.6653136641890914,57.26614284515381,1626065241.0238156,24.455299721880486,false, 
932.5419311523438,343.5350036621094,0.8571157455444336,0.681912033646195,57.3070342540741,1626065241.0638385,24.455014547171903,false, 
880.2020874023438,342.59173583984375,0.8090092715095071,0.6827854297779224,57.3419406414032,1626065241.1038644,28.648052019015353,false, 
880.15673828125,358.58831787109375,0.8089675903320312,0.6679737797489873,57.380836963653564,1626065241.1438255,25.70937153294962,false, 
870.7127075195312,365.36102294921875,0.8002874149995691,0.6617027565285012,57.422725200653076,1626065241.1838856,23.873050565762814,false, 
841.6151733398438,377.4384765625,0.7735433578491211,0.6505199291087963,57.463616132736206,1626065241.2198224,24.455299721880486,false, 
727.6448364257812,409.4056701660156,0.6687912099501666,0.6209206757722078,57.50051712989807,1626065241.2598014,27.099538682207605,false, 
634.4006958007812,439.91119384765625,0.5830888748168945,0.5926748205114294,57.539413928985596,1626065241.2998114,25.709056360905944,false, 
595.1522827148438,466.0,0.547014965730555,0.5685185185185185,57.58329677581787,1626065241.3398275,22.787947277488616,false, 
590.901611328125,471.59820556640625,0.5431080986471737,0.5633349948459201,57.620198011398315,1626065241.3798256,27.09936359231142,false, 
587.3223266601562,468.0131530761719,0.5398183149449965,0.5666544878924334,57.66813898086548,1626065241.4198265,20.858985771761347,false, 
589.8488159179688,464.55010986328125,0.5421404558069566,0.5698610093858507,57.69611191749573,1626065241.4598165,35.74883871572613,false, 
571.2533569335938,477.5068359375,0.525049041299259,0.5578640407986111,57.7380690574646,1626065241.4958124,23.833845699251622,false, 
567.291748046875,473.6058044433594,0.5214078566607308,0.5614761069968894,57.777061223983765,1626065241.5360327,25.64617689320982,false, 
572.9358520507812,473.6377868652344,0.5265954522525563,0.5614464936433015,57.821035385131836,1626065241.5759885,22.74062708399976,false, 
571.6405029296875,475.10797119140625,0.5254048740162569,0.560085211859809,57.869041442871094,1626065241.6159875,20.830704437999128,false, 
579.5194091796875,472.9332580566406,0.532646515790154,0.5620988351327402,57.89603900909424,1626065241.6559887,37.04037585220248,false, 
578.2676391601562,470.51171875,0.5314959918751436,0.5643410011574075,57.930970907211304,1626065241.6957905,28.62713032795277,false, 
580.0974731445312,471.89898681640625,0.5331778245813706,0.5630564936885127,57.97399139404297,1626065241.7318335,23.244739277658624,false, 
573.3822631835938,472.1897888183594,0.5270057566025678,0.5627872325755932,58.012943744659424,1626065241.7718387,25.672391631676234,false, 
566.2096557617188,473.57171630859375,0.5204132865456974,0.5615076700846354,58.053967237472534,1626065241.8118067,24.37627640717171,false, 
563.0677490234375,473.0028076171875,0.5175255046171301,0.5620344373914931,58.09493684768677,1626065241.8518035,24.408335709588627,false, 
566.4088745117188,471.93292236328125,0.5205963920144474,0.5630250718858507,58.13391470909119,1626065241.8918564,25.65558919778573,false, 
567.9517822265625,471.18951416015625,0.5220145057229435,0.5637134128146701,58.183902978897095,1626065241.9318044,20.004693178674653,false, 
571.9119873046875,468.5150146484375,0.5256544000962201,0.5661898012514468,58.21389603614807,1626065241.9718525,33.341049284578695,false, 
579.4794921875,467.9117736816406,0.5326098273782169,0.5667483577021846,58.25688910484314,1626065242.0118856,23.259563235473532,false, 
581.0173950195312,467.47222900390625,0.5340233410105986,0.5671553435149016,58.313374280929565,1626065242.0518875,17.703759982441035,false, 
589.1441040039062,468.79400634765625,0.5414927426506492,0.565931475604022,58.33083486557007,1626065242.0918605,57.271850890967436,false, 
589.319091796875,467.6763000488281,0.5416535770191866,0.5669663888436777,58.378798961639404,1626065242.1318686,20.84892830158667,false, 
589.5763549804688,467.9142150878906,0.5418900321511662,0.566746097140842,58.41071367263794,1626065242.1720448,31.333512625130734,false, 
594.1135864257812,468.5732116699219,0.546060281641343,0.5661359151204427,58.45160436630249,1626065242.2118187,24.4554423117289,false, 
601.4117431640625,470.02520751953125,0.5527681462904986,0.5647914745189526,58.48950409889221,1626065242.2518454,26.385410441423478,false, 
593.9571533203125,472.818603515625,0.5459165012135225,0.5622049967447917,58.53538155555725,1626065242.2878296,21.797197854737455,false, 
590.279541015625,473.2047424316406,0.5425363428452435,0.5618474607114439,58.59123253822327,1626065242.3279016,17.904787924322108,false, 
592.3198852539062,475.8182067871094,0.5444116592407227,0.5594275863082321,58.609185218811035,1626065242.3678224,55.70198807421081,false, 
592.74658203125,477.1194152832031,0.5448038437787224,0.5582227636266638,58.64309358596802,1626065242.4078896,29.491246080072,false, 
592.4535522460938,475.2764892578125,0.5445345149320715,0.5599291766131366,58.690962076187134,1626065242.4398286,20.890569044950816,false, 
595.1262817382812,477.07598876953125,0.5469910677741555,0.5582629733615452,58.72387385368347,1626065242.4798234,30.384259862940265,false, 
594.7738037109375,477.5599670410156,0.5466670989990234,0.557814845332393,58.77773070335388,1626065242.5198276,18.567740336089813,false, 
558.7133178710938,477.4908142089844,0.5135232701021082,0.5578788757324219,58.81164002418518,1626065242.5598185,29.490416660807448,false, 
562.9567260742188,482.68048095703125,0.5174234614652746,0.5530736287434896,58.84355449676514,1626065242.5999315,31.333746703620974,false, 
565.9945678710938,480.47991943359375,0.5202155954697553,0.5551111857096354,58.879459381103516,1626065242.6401505,27.851363914048182,false, 
569.2398681640625,480.5455017089844,0.5231984082390281,0.55505046138057,58.937304735183716,1626065242.6798234,17.287473054681993,false, 
571.7992553710938,478.4989013671875,0.5255507861866671,0.5569454616970486,58.977198362350464,1626065242.7198255,25.066660291885302,false, 
579.3466796875,480.4812927246094,0.5324877570657169,0.5551099141438802,59.09288954734802,1626065242.7598433,8.643700900990018,false, 
581.1486206054688,476.9349365234375,0.5341439527623794,0.5583935772931135,59.130789041519165,1626065242.7958045,26.38557642707062,false, 
583.316650390625,476.96856689453125,0.5361366271972656,0.5583624380606191,59.148741006851196,1626065242.8358097,55.70420739481513,false, 
583.3682861328125,475.4830322265625,0.5361840865191292,0.5597379331235532,59.164697885513306,1626065242.8838286,62.668897920153,false, 
584.8102416992188,471.9957275390625,0.5375094133264878,0.5629669189453125,59.195616006851196,1626065242.9158566,32.34349167180753,false, 
590.4315185546875,472.08758544921875,0.5426760280833525,0.5628818653247974,59.286373138427734,1626065242.9557714,11.01841786567121,false, 
594.272705078125,470.4418640136719,0.5462065304026884,0.5644056814688223,59.29634666442871,1626065242.9957914,100.26544272327405,false, 
594.660888671875,472.11724853515625,0.5465633167940027,0.562854399504485,59.33225154876709,1626065243.0358386,27.851363914048182,false, 
594.4739379882812,477.0176086425781,0.546391487121582,0.5583170290346499,59.35718488693237,1626065243.0758207,40.10694409914131,false, 
596.6926879882812,477.1587219238281,0.5484307794009938,0.558186368589048,59.38909935951233,1626065243.1157944,31.333746703620974,false, 
601.1355590820312,477.66729736328125,0.5525143006268669,0.5577154654043692,59.41902017593384,1626065243.1559715,33.421547925448415,false, 
599.7881469726562,476.2569274902344,0.5512758703792796,0.5590213634349681,59.446945667266846,1626065243.1958544,35.809575848644215,false, 
600.1500854492188,477.2071838378906,0.5516085344202378,0.5581414964463975,59.48783612251282,1626065243.2358305,24.4555849032401,false, 
600.8648681640625,476.0498962402344,0.5522655038272634,0.5592130590368201,59.532716512680054,1626065243.2758095,22.281446223478287,false, 
601.2716674804688,476.9970397949219,0.5526394002577838,0.5583360742639611,59.568620920181274,1626065243.3157766,27.85173380081544,false, 
603.36474609375,476.5756530761719,0.554563185747932,0.5587262471516927,59.60053634643555,1626065243.3559766,31.332810410643717,false, 
607.8988037109375,476.2764892578125,0.5587305181166705,0.5590032506872107,59.64142656326294,1626065243.3958206,24.45572749641412,false, 
602.010498046875,475.52789306640625,0.5533184724695542,0.5596963953088832,59.67633366584778,1626065243.4320326,28.647465012874715,false, 
602.7899169921875,477.2762451171875,0.5540348501766429,0.5580775508174189,59.71825122833252,1626065243.4718497,23.856349003213605,false, 
604.3789672851562,477.2730712890625,0.5554953743429745,0.5580804895471643,59.75816869735718,1626065243.5158405,25.051688507161373,false, 
608.3448486328125,474.2361755371094,0.5591404858757468,0.5608924300582321,59.81819438934326,1626065243.5518324,16.659533058474935,false, 
608.8402099609375,470.2101135253906,0.5595957812140969,0.564620265254268,59.857138872146606,1626065243.5918334,25.677578132174233,false, 
609.2958374023438,470.4580078125,0.5600145564359778,0.5643907335069445,59.886133432388306,1626065243.6321836,34.489228036706905,false, 
610.0173950195312,471.0949401855469,0.5606777527753044,0.5638009813096788,60.01002883911133,1626065243.6720145,8.071324243969556,false, 
614.3887939453125,472.20233154296875,0.5646955826703239,0.5627756189416956,60.03002142906189,1626065243.7118654,50.018531989744204,false, 
617.3372802734375,473.17486572265625,0.5674055884866154,0.5618751243308738,60.044044733047485,1626065243.7518597,71.30987112788603,false, 
608.2412109375,473.12628173828125,0.5590452306410846,0.5619201095015914,60.14897418022156,1626065243.7918324,9.53021317591671,false, 
605.3719482421875,474.7373962402344,0.5564080406637752,0.5604283368145978,60.217939376831055,1626065243.8318355,14.500067413166656,false, 
606.7318115234375,475.28802490234375,0.5576579150031594,0.5599184954607928,60.226938009262085,1626065243.8798156,111.12799724452216,false, 
601.1476440429688,475.7696228027344,0.5525254081277287,0.5594725714789497,60.26192307472229,1626065243.9118445,28.58362523681664,false, 
602.3040161132812,475.45819091796875,0.5535882501041188,0.5597609343352141,60.276939153671265,1626065243.9519496,66.59528119145152,false, 
602.4369506835938,471.0050048828125,0.5537104326135972,0.5638842547381366,60.285995960235596,1626065243.9918406,110.41419432963909,false, 
604.2532958984375,470.19232177734375,0.5553798675537109,0.5646367390950521,60.321972131729126,1626065244.0317986,27.796176148977764,false, 
608.5137329101562,468.6340637207031,0.5592957103953642,0.5660795706289785,60.364978551864624,1626065244.0720346,23.25234225144416,false, 
612.088623046875,464.37359619140625,0.562581455006319,0.5700244479709201,60.39596724510193,1626065244.1118727,32.26983443097187,false, 
616.1781005859375,465.4128112792969,0.5663401659797219,0.5690622117784288,60.413541078567505,1626065244.1520956,56.902781169447834,false, 
617.0147094726562,463.7444152832031,0.5671091079711914,0.570607022885923,60.44811010360718,1626065244.1919925,28.927630989082232,false, 
618.3040771484375,461.65228271484375,0.5682941885555491,0.572544182671441,60.50901794433594,1626065244.2318554,16.418247438015236,false, 
617.5680541992188,459.6304626464844,0.567617696874282,0.5744162382902922,60.526018381118774,1626065244.2718706,58.82201809129795,false, 
617.830322265625,459.7262268066406,0.5678587520823759,0.5743275677716291,60.55201172828674,1626065244.3077793,38.47138244790138,false, 
617.2557373046875,426.8154296875,0.5673306409050437,0.6048005280671296,60.59597086906433,1626065244.3478177,22.748397314213193,false, 
619.3065795898438,271.6908264160156,0.5692156062406653,0.7484344199851707,60.6469521522522,1626065244.3877897,19.615041785335148,false, 
625.041259765625,212.39999389648438,0.5744864519904641,0.8033333389847367,60.698915243148804,1626065244.4278176,19.24442874250398,false, 
685.6404418945312,290.2479553222656,0.6301842296824736,0.7312518932201244,60.72287631034851,1626065244.4798295,41.73436815920398,false, 
767.02197265625,313.5490417480469,0.7049834307502297,0.709676813196253,60.77473783493042,1626065244.5198317,19.282117293343692,false, 
763.7576904296875,375.3216247558594,0.7019831713508157,0.652479977077908,60.80366110801697,1626065244.5638285,34.57423359409132,false, 
760.5787353515625,395.0700378417969,0.6990613376393038,0.6341944094057437,60.85651993751526,1626065244.6042235,18.918315246317196,false, 
751.8915405273438,398.29522705078125,0.6910767835729262,0.6312081231011284,60.90339541435242,1626065244.6398427,21.333116321652,false, 
750.8829345703125,399.001708984375,0.6901497560388902,0.6305539731626157,60.93331551551819,1626065244.6798246,33.422346885110045,false, 
749.72802734375,395.1344299316406,0.6890882604262408,0.6341347871003328,60.96622705459595,1626065244.7198555,30.384479973341254,false, 
720.6748657226562,417.327392578125,0.6623849868774414,0.6135857476128472,61.001134157180786,1626065244.7598186,28.647465012874715,false, 
664.2597045898438,438.6571350097656,0.6105328167186064,0.5938359861020689,61.048009157180786,1626065244.7998207,21.333333333333332,false, 
636.1460571289062,459.5260925292969,0.5846930672140682,0.5745128772876881,61.080920696258545,1626065244.8358085,30.384479973341254,false, 
624.3287353515625,456.218505859375,0.5738315582275391,0.5775754575376157,61.1267991065979,1626065244.8759625,21.796744756480347,false, 
620.794677734375,451.7777404785156,0.5705833435058594,0.5816872773347077,61.174670934677124,1626065244.9159377,20.889112451379308,false, 
617.4358520507812,454.2222900390625,0.567496187546674,0.5794238055193865,61.20758414268494,1626065244.9557767,30.382939267501158,false, 
617.3369140625,457.08477783203125,0.5674052518956801,0.5767733538592303,61.235509157180786,1626065244.9959426,35.81018731963868,false, 
609.3084716796875,451.1549377441406,0.5600261688232422,0.5822639465332031,61.28437900543213,1626065245.0358155,20.462514940846443,false, 
600.15380859375,448.65386962890625,0.551611956428079,0.5845797503436053,61.32227802276611,1626065245.0761325,26.385908404630097,false, 
610.0202026367188,442.39312744140625,0.5606803333058077,0.5903767338505498,61.357184648513794,1626065245.1118827,28.647856347628903,false, 
601.8313598632812,433.5492858886719,0.5531538234037512,0.5985654760290076,61.394086599349976,1626065245.1519575,27.09883833619765,false, 
587.3037109375,247.5172882080078,0.5398012049057904,0.7708173257333261,61.431984663009644,1626065245.1918113,26.38657238481089,false, 
588.9534912109375,229.03770446777344,0.5413175470688764,0.7879280514187283,61.4808554649353,1626065245.2317896,20.46211563135736,false, 
597.459228515625,224.07345581054688,0.5491353203268612,0.7925245779531973,61.51177263259888,1626065245.2718034,32.34448934266942,false, 
726.2337036132812,240.469970703125,0.6674942128798541,0.7773426197193287,61.55864691734314,1626065245.3118975,21.333658859133795,false, 
902.1334228515625,288.3459167480469,0.8291667489444509,0.7330130400481047,61.605522871017456,1626065245.3520365,21.332899314385692,false, 
884.71826171875,346.15277099609375,0.8131601670209099,0.6794881750036169,61.6314537525177,1626065245.3919387,38.564057299424434,false, 
850.656005859375,367.4345703125,0.7818529465619255,0.6597828052662037,61.668354511260986,1626065245.4320226,27.09971377436633,false, 
840.4278564453125,372.92242431640625,0.7724520739387063,0.6547014589662905,61.71223783493042,1626065245.4640656,22.78769966315332,false, 
817.6702270507812,250.3538818359375,0.751535135156968,0.7681908501519097,61.750136852264404,1626065245.5038555,26.385908404630097,false, 
663.1801147460938,196.30593872070312,0.6095405466416303,0.8182352419252749,61.79800891876221,1626065245.5439985,20.88900841675382,false, 
616.8795166015625,226.21978759765625,0.5669848498176125,0.7905372337058738,61.82493734359741,1626065245.5839386,37.135480672179625,false, 
637.9988403320312,312.8981628417969,0.5863959929522347,0.710279478850188,61.87580108642578,1626065245.6238387,19.660369929407793,false, 
780.5454711914062,292.6607360839844,0.717413116903866,0.7290178369592737,61.907716512680054,1626065245.6640086,31.332810410643717,false, 
1019.6171875,327.7158203125,0.9371481502757353,0.6965594256365741,61.94561553001404,1626065245.7038686,26.385908404630097,false, 
961.2903442382812,350.4664306640625,0.8835389193366555,0.6754940456814236,61.98550868034363,1626065245.7438354,25.06695991011451,false, 
970.7847900390625,303.4867248535156,0.8922654320211971,0.7189937732837819,62.02639961242676,1626065245.7838655,24.455299721880486,false, 
953.2020263671875,279.1553649902344,0.876104803646312,0.7415228101942275,62.06222319602966,1626065245.8239467,27.91457189444611,false, 
937.1952514648438,259.885498046875,0.8613926943610696,0.7593652795862269,62.11607885360718,1626065245.8598075,18.56815133230332,false, 
829.5368041992188,271.5787658691406,0.762441915624282,0.7485381797507957,62.141063928604126,1626065245.8998244,40.02389426976478,false, 
756.2559204101562,337.1903076171875,0.6950881621416878,0.6877867522063079,62.19105768203735,1626065245.9398386,20.002498938904758,false, 
636.6470336914062,416.556396484375,0.5851535236134249,0.614299632884838,62.22006011009216,1626065245.9801874,34.4798717579843,false, 
614.59814453125,437.5736389160156,0.5648880004882812,0.5948392232259114,62.26005029678345,1626065246.0197985,25.006134823020194,false, 
611.6746215820312,448.36431884765625,0.5622009389540729,0.5848478529188368,62.300039529800415,1626065246.0598185,25.006731176256654,false, 
614.5057983398438,447.1277770996094,0.5648031234741211,0.5859927989818432,62.3381290435791,1626065246.0998135,26.253945004663272,false, 
613.5906982421875,448.57281494140625,0.56396203882554,0.5846548009801794,62.38103532791138,1626065246.1399987,23.306609173047644,false, 
561.7210693359375,475.6486511230469,0.5162877475514132,0.5595845822934751,62.4190034866333,1626065246.1799686,26.337858712715857,false, 
557.4057006835938,474.7880554199219,0.5123214160694796,0.560381430166739,62.46300673484802,1626065246.2158275,22.725595054263312,false, 
552.5636596679688,473.4896240234375,0.507871010724236,0.5615836814597801,62.5169837474823,1626065246.2560515,18.526405060160073,false, 
548.0889282226562,474.9645690917969,0.5037582060870003,0.5602179915816696,62.54401421546936,1626065246.2960243,36.995289925379716,false, 
556.6765747070312,474.76275634765625,0.5116512635174919,0.5604048552336516,62.590980768203735,1626065246.3358285,21.291747888239115,false, 
552.136474609375,475.7126159667969,0.5074783773983226,0.5595253555862991,62.61296796798706,1626065246.3758156,45.48100757961853,false, 
557.3512573242188,476.07562255859375,0.5122713762171128,0.5591892383716724,62.65594792366028,1626065246.4157977,23.266659640208353,false, 
559.790771484375,477.2371826171875,0.5145135767319623,0.5581137197989005,62.6959502696991,1626065246.4559283,24.99853381173189,false, 
556.0652465820312,478.0672302246094,0.5110893810496611,0.5573451571994358,62.73789834976196,1626065246.4918025,23.83899331033346,false, 
532.7560424804688,439.7134094238281,0.4896654802210191,0.5928579542371961,62.774800300598145,1626065246.5318344,27.09883833619765,false, 
519.9708251953125,203.2242431640625,0.47791436139275045,0.8118294044777199,62.81868314743042,1626065246.5718627,22.787947277488616,false, 
575.5776977539062,217.08128356933594,0.529023619259105,0.7989988115098741,62.85658288002014,1626065246.6120274,26.385410441423478,false, 
665.2743530273438,306.75360107421875,0.6114653980030733,0.7159688878942418,62.90146350860596,1626065246.6518455,22.281327858140806,false, 
751.4581298828125,451.57843017578125,0.6906784282011145,0.5818718239113136,62.947340965270996,1626065246.6958106,21.797197854737455,false, 
680.0319213867188,315.71197509765625,0.6250293395098518,0.7076740971317999,62.9962100982666,1626065246.7441475,20.462814433190875,false, 
707.9566040039062,269.65631103515625,0.6506954080918256,0.7503182305230035,63.0301194190979,1626065246.7841885,29.490416660807448,false, 
902.9801635742188,354.41448974609375,0.8299450032851275,0.6718384354202835,63.06901574134827,1626065246.8239844,25.70937153294962,false, 
911.9996948242188,346.5893249511719,0.838235013625201,0.6790839583785446,63.10890984535217,1626065246.8640244,25.066360680818512,false, 
882.2974243164062,326.1898193359375,0.8109351326437557,0.6979723895037615,63.1727397441864,1626065246.9039855,15.666639275068915,false, 
871.5260620117188,354.5427551269531,0.8010349834666532,0.6717196711787471,63.19567799568176,1626065246.9438245,43.5953019436649,false, 
849.9788818359375,341.101806640625,0.7812305899227366,0.6841649938512732,63.226595640182495,1626065246.9839394,32.34399049954503,false, 
725.2728271484375,224.55006408691406,0.6666110543643727,0.7920832739935981,63.26150298118591,1626065247.0158556,28.64726934950687,false, 
655.2788696289062,228.10415649414062,0.6022783728206859,0.7887924476906105,63.322340965270996,1626065247.0561874,16.437099536392957,false, 
629.2828369140625,350.1490478515625,0.5783849603989545,0.6757879186559607,63.357330560684204,1626065247.0958097,28.579924637325647,false, 
618.8764038085938,431.87725830078125,0.568820224088781,0.6001136497214988,63.41131615638733,1626065247.1438076,18.523459581684566,false, 
613.8811645507812,432.1429748535156,0.5642290115356445,0.5998676158763745,63.4752995967865,1626065247.1758144,15.629043917634872,false, 
558.2406005859375,305.2904357910156,0.5130887873032514,0.7173236705638744,63.52127981185913,1626065247.2159696,21.748484612791994,false, 
580.8986206054688,284.89459228515625,0.5339141733506146,0.7362087108470776,63.599276304244995,1626065247.2638135,12.821089377363277,false, 
554.083740234375,390.3147277832031,0.5092681435977712,0.638597474274812,63.64628577232361,1626065247.3040526,21.272310470046456,false, 
582.6439819335938,455.9619140625,0.5355183657477883,0.5778130425347222,63.67530822753906,1626065247.3441324,34.45607866654618,false, 
574.9390258789062,451.0741271972656,0.5284366046681124,0.582338771113643,63.70325756072998,1626065247.3842206,35.779028900945164,false, 
570.1101684570312,457.27557373046875,0.5239983165965361,0.5765966909903066,63.72026252746582,1626065247.4239006,58.806348494195504,false, 
570.1535034179688,460.77410888671875,0.5240381465238684,0.5733573065863715,63.78223180770874,1626065247.4638045,16.137027831854663,false, 
567.8838500976562,467.7235412597656,0.5219520681044635,0.5669226469816985,63.79923677444458,1626065247.4999304,58.806348494195504,false, 
571.3297729492188,471.9793701171875,0.5251192766077378,0.5629820647063078,63.844297885894775,1626065247.5397897,22.192084656084656,false, 
576.1549072265625,469.3403015136719,0.5295541426714729,0.5654256467466001,63.863260984420776,1626065247.5798066,52.73399801350315,false, 
576.0609130859375,467.9549865722656,0.5294677509981043,0.5667083457664207,63.90226101875305,1626065247.6197767,25.641003068872344,false, 
577.9243774414062,473.9827880859375,0.5311804939718807,0.5611270480685764,63.947258949279785,1626065247.6638355,22.22324423132964,false, 
558.0608520507812,481.818115234375,0.5129235772525563,0.5538721155237268,64.0112156867981,1626065247.7077997,15.635569273897127,false, 
561.4374389648438,483.5699462890625,0.516027057872099,0.5522500497323495,64.07221007347107,1626065247.7478156,16.394951315136282,false, 
565.1071166992188,487.3981628417969,0.519399923436782,0.548705404776114,64.1021797657013,1626065247.7878175,33.367042688262714,false, 
566.1962890625,487.80908203125,0.5204010009765625,0.5483249240451389,64.13616871833801,1626065247.8239167,29.42132435465769,false, 
567.7901000976562,489.5578308105469,0.5218659008250517,0.5467057122124566,64.19116449356079,1626065247.8639436,18.18321490967577,false, 
575.4140014648438,485.45635986328125,0.5288731631110696,0.5505033704969617,64.2291738986969,1626065247.9039257,26.309277833185927,false, 
585.4075317382812,483.28570556640625,0.5380583931418026,0.5525132355866609,64.25817155838013,1626065247.9438565,34.48554162384378,false, 
585.5614624023438,482.1069030761719,0.538199873531566,0.5536047193739149,64.28419256210327,1626065247.9837875,38.43049294484149,false, 
592.083984375,481.4999694824219,0.5441948385799632,0.5541666949236834,64.2921621799469,1626065248.0240374,125.47653094803601,false, 
592.5361328125,483.4264221191406,0.5446104161879596,0.5523829424822773,64.31016445159912,1626065248.0638235,55.548545167997666,false, 
598.7216796875,482.0397033691406,0.5502956614774817,0.5536669413248698,64.3501353263855,1626065248.1040316,25.01821652251715,false, 
602.9381103515625,483.29351806640625,0.5541710573084214,0.5525060017903646,64.40307641029358,1626065248.1438706,18.888921914334993,false, 
601.7720947265625,482.5353698730469,0.5530993517707375,0.5532079908582899,64.42510151863098,1626065248.1798825,45.402727863173844,false, 
599.6708374023438,482.2463684082031,0.5511680490830365,0.5534755848072193,64.46906781196594,1626065248.2197998,22.74469654244935,false, 
598.3761596679688,483.80780029296875,0.5499780879301184,0.5520298145435474,64.50104999542236,1626065248.2598207,31.267408660906643,false, 
600.1288452148438,483.6148681640625,0.5515890121459961,0.5522084554036458,64.54105591773987,1626065248.2998145,24.99629909950714,false, 
604.1395874023438,481.88946533203125,0.5552753560683307,0.5538060506184896,64.57804274559021,1626065248.3398266,27.036652184563025,false, 
604.0790405273438,481.9375305175781,0.5552197063670439,0.5537615458170573,64.61902284622192,1626065248.3797925,24.40208746647429,false, 
605.1192626953125,481.47564697265625,0.5561757929184857,0.5541892157660591,64.66100215911865,1626065248.4197936,23.82125697150062,false, 
603.7094116210938,481.9660949707031,0.5548799739164465,0.5537350972493489,64.6969907283783,1626065248.4557886,27.786600594910798,false, 
603.2009887695312,474.9345397949219,0.5544126735014074,0.5602457964861834,64.73987698554993,1626065248.4958177,23.31749296745572,false, 
605.431884765625,475.0250244140625,0.5564631293801701,0.5601620144314237,64.77877259254456,1626065248.5359426,25.709844305504475,false, 
607.3628540039062,475.7454528808594,0.5582379172830021,0.5594949510362413,64.81567478179932,1626065248.5760095,27.098663255351177,false, 
610.9803466796875,477.23358154296875,0.5615628186394187,0.5581170541268807,64.86853313446045,1626065248.6158316,18.918485909140117,false, 
611.1626586914062,478.19012451171875,0.5617303848266602,0.557231366192853,64.89945077896118,1626065248.6558397,32.34399049954503,false, 
604.3659057617188,478.6231689453125,0.5554833692662856,0.5568303991247107,64.94233703613281,1626065248.6998045,23.31749296745572,false, 
581.2667846679688,480.2460021972656,0.5342525594374713,0.5553277757432726,64.99020910263062,1626065248.7398186,20.88900841675382,false, 
585.6981201171875,479.6712341308594,0.5383254780488855,0.5558599683973524,65.01813411712646,1626065248.7758377,35.81018731963868,false, 
588.5404052734375,478.54425048828125,0.5409378724939683,0.55690347177011,65.05703067779541,1626065248.8158045,25.70921394596185,false, 
590.4385986328125,478.9125061035156,0.5426825355080998,0.5565624943485967,65.09792113304138,1626065248.8558216,24.4555849032401,false, 
592.7131958007812,479.4840393066406,0.5447731579051298,0.5560332969382957,65.1348237991333,1626065248.8958595,27.098313100445147,false, 
572.3300170898438,476.903076171875,0.5260386186487535,0.5584230776186343,65.17371988296509,1626065248.9363034,25.70952912186929,false, 
565.7802124023438,474.7578125,0.5200185775756836,0.5604094328703704,65.21959733963013,1626065248.9760437,21.797197854737455,false, 
567.6871948242188,472.58447265625,0.5217713187722599,0.5624217845775463,65.25350713729858,1626065249.0158405,29.490001968670022,false, 
572.0789794921875,474.42401123046875,0.5258078855626723,0.5607185081199364,65.29539489746094,1626065249.0560055,23.873322329102397,false, 
575.2183227539062,474.2828674316406,0.5286933113546932,0.560849196822555,65.33828020095825,1626065249.0958056,23.318011496936744,false, 
576.5275268554688,473.8354187011719,0.5298966239480412,0.5612635012026186,65.37617897987366,1626065249.1358917,26.386074396542504,false, 
580.1216430664062,472.4991149902344,0.533200039583094,0.5625008194534866,65.41208410263062,1626065249.1720116,27.85117897434876,false, 
588.1777954101562,473.68798828125,0.5406045913696289,0.5614000108506945,65.45496869087219,1626065249.2119935,23.318400409182136,false, 
590.4047241210938,478.8595886230469,0.5426514008465935,0.5566114920156973,65.49286842346191,1626065249.2517886,26.385410441423478,false, 
594.437744140625,475.11407470703125,0.5463582207174862,0.5600795604564526,65.53375887870789,1626065249.2918754,24.4555849032401,false, 
597.5568237304688,475.16156005859375,0.5492250218110926,0.5600355925383391,65.57066082954407,1626065249.3318086,27.09883833619765,false, 
600.602783203125,475.87078857421875,0.552024616914637,0.559378899468316,65.6245174407959,1626065249.3718317,18.56782253387696,false, 
600.60107421875,475.1092529296875,0.5520230461569393,0.5600840250651042,65.64745593070984,1626065249.4118176,43.59484882186029,false, 
601.1764526367188,474.1888427734375,0.5525518866146312,0.5609362566912616,65.68734955787659,1626065249.4440017,25.066660291885302,false, 
602.8123779296875,474.9481506347656,0.5540554944206687,0.5602331938566985,65.73422479629517,1626065249.4840195,21.333224826940782,false, 
592.7791137695312,474.71875,0.5448337442734662,0.5604456018518518,65.77810764312744,1626065249.5237935,22.787947277488616,false, 
592.2939453125,474.6781311035156,0.5443878173828125,0.5604832119411892,65.80603289604187,1626065249.5639405,35.80988158153116,false, 
591.8251953125,471.3305358886719,0.5439569809857536,0.5635828371401186,65.84592652320862,1626065249.6039135,25.066660291885302,false, 
597.1929321289062,471.0836486816406,0.54889056261848,0.5638114364058884,65.88981008529663,1626065249.6438975,22.787575858003596,false, 
604.6771850585938,470.8876953125,0.5557694715612075,0.5639928747106482,65.9267110824585,1626065249.6878376,27.099538682207605,false, 
604.9553833007812,471.1075744628906,0.5560251684749827,0.5637892829047308,65.96660542488098,1626065249.7198124,25.066210877970942,false, 
606.0823974609375,470.18035888671875,0.5570610270780676,0.5646478158456307,66.01562690734863,1626065249.7598054,20.399219886095587,false, 
606.4536743164062,470.1246032714844,0.5574022741878734,0.5646994414152923,66.050621509552,1626065249.7997935,28.575835615691727,false, 
572.7921142578125,468.4875793457031,0.5264633403104895,0.5662152043095341,66.09462285041809,1626065249.8397975,22.726580152258133,false, 
537.52490234375,468.54217529296875,0.4940486234777114,0.5661646525065105,66.12260150909424,1626065249.8798306,35.74152755408987,false, 
534.8604125976562,468.6962890625,0.49159964393166933,0.5660219545717593,66.1596131324768,1626065249.9198024,27.01853927517747,false, 
538.1454467773438,470.494873046875,0.4946189768174115,0.5643565990306714,66.24061751365662,1626065249.9598176,12.345011287478993,false, 
543.1868896484375,472.1632995605469,0.4992526559268727,0.5628117596661604,66.26862096786499,1626065249.9998055,35.70988037971989,false, 
541.6815185546875,472.326171875,0.49786904278923483,0.5626609519675926,66.28563189506531,1626065250.0398176,58.78574331805631,false, 
546.6849975585938,469.8791809082031,0.5024678286384133,0.5649266843442564,66.31862616539001,1626065250.0798216,30.308292626528313,false, 
549.2818603515625,469.8498229980469,0.5048546510584214,0.564953867594401,66.37616658210754,1626065250.1197925,17.37908859626588,false, 
550.4899291992188,469.4819641113281,0.5059650084551643,0.5652944776746962,66.40608763694763,1626065250.1598134,33.421281614049626,false, 
551.4197998046875,467.8145751953125,0.5068196689381319,0.5668383563006365,66.4390001296997,1626065250.1999476,30.383599550871093,false, 
560.4114379882812,467.7423400878906,0.5150840422686409,0.5669052406593605,66.47889351844788,1626065250.2398455,25.066810100104586,false, 
562.6207885742188,471.8428955078125,0.5171146953807157,0.5631084300853588,66.52676582336426,1626065250.2798035,20.888904383164583,false, 
566.2100219726562,471.7475280761719,0.5204136231366325,0.5631967332628038,66.57975053787231,1626065250.3198626,18.87336771151129,false, 
569.8282470703125,471.96319580078125,0.5237391976749196,0.5629970409252025,66.60074639320374,1626065250.3558223,47.628447815768254,false, 
581.3720092773438,474.0001525878906,0.5343492732328528,0.5611109698260273,66.64273881912231,1626065250.3957896,23.8138182809191,false, 
581.1041870117188,472.6706237792969,0.5341031130622415,0.5623420150191696,66.67189598083496,1626065250.4358847,34.29689109850033,false, 
586.1865234375,468.90411376953125,0.5387743781594669,0.5658295242874711,66.71378493309021,1626065250.4759655,23.872642932354363,false, 
583.0859985351562,469.93829345703125,0.5359246310065774,0.5648719505027489,66.75429081916809,1626065250.5123527,24.687770021307404,false, 
581.0052490234375,468.7586669921875,0.5340121774112477,0.565964197229456,66.79275035858154,1626065250.5524194,26.001351426747092,false, 
579.8668212890625,469.7674560546875,0.5329658283906824,0.5650301332826968,66.83090090751648,1626065250.5917845,26.211942630378402,false, 
584.5432739257812,470.2947082519531,0.5372640385347254,0.5645419368037471,66.8707947731018,1626065250.6317866,25.06651048545662,false, 
587.7669677734375,468.75286865234375,0.5402269924388212,0.5659695660626447,66.92276549339294,1626065250.6719084,19.2416036260041,false, 
590.2861938476562,465.7890625,0.5425424575805664,0.5687138310185185,66.95577478408813,1626065250.7118015,30.294501303710337,false, 
589.6806640625,466.2293701171875,0.5419859044692096,0.5683061387803819,66.99175953865051,1626065250.7517805,27.78954621648303,false, 
597.6343994140625,466.7940368652344,0.5492963229908663,0.5677832991988571,67.0387351512909,1626065250.7918255,21.287641475917372,false, 
602.2688598632812,465.3166198730469,0.5535559373743394,0.5691512778953269,67.07976412773132,1626065250.8318295,24.37301845567384,false, 
609.9514770507812,465.2815856933594,0.560617166406968,0.5691837169505931,67.13065600395203,1626065250.8760164,19.649501536616444,false, 
611.0950927734375,465.4828186035156,0.5616682837991154,0.56899739018193,67.17486023902893,1626065250.9157915,22.62226680905688,false, 
594.9392700195312,467.81463623046875,0.5468191820032456,0.566838299786603,67.20566916465759,1626065250.9520144,32.45812632523874,false, 
593.859619140625,466.9656982421875,0.5458268558277803,0.5676243534794561,67.23567056655884,1626065250.9918187,33.331775738069695,false, 
593.5381469726562,465.34783935546875,0.545531385085162,0.5691223709671586,67.27666807174683,1626065251.0318234,24.391728116494917,false, 
595.730224609375,464.88037109375,0.5475461623247933,0.5695552119502314,67.30960822105408,1626065251.0722275,30.35808947532227,false, 
598.2179565429688,461.6659851074219,0.549832680646111,0.5725314952709057,67.35060262680054,1626065251.1118076,24.393572288490954,false, 
600.2361450195312,461.2435607910156,0.5516876332900104,0.5729226288972078,67.38860583305359,1626065251.1518345,26.313569264164318,false, 
599.841552734375,460.4722900390625,0.5513249565573299,0.5736367684823496,67.42860412597656,1626065251.1879745,25.001066968676422,false, 
594.9583129882812,464.1760559082031,0.5468366847318762,0.5702073556405527,67.46957921981812,1626065251.2278175,24.4050691834146,false, 
591.6962280273438,464.39422607421875,0.5438384448780733,0.5700053462275751,67.50758624076843,1626065251.2679067,26.31092821789942,false, 
596.7962036132812,465.00213623046875,0.5485259224386776,0.5694424664532697,67.55465936660767,1626065251.3078375,21.243543575484072,false, 
597.7433471679688,464.9059143066406,0.5493964587940889,0.5695315608271846,67.58653450012207,1626065251.3478186,31.372417610363964,false, 
595.96337890625,465.75128173828125,0.5477604585535386,0.5687488132052951,67.62747526168823,1626065251.3879707,24.42553488859642,false, 
541.7988891601562,468.31329345703125,0.49797692018396716,0.5663765801323785,67.66944122314453,1626065251.4278216,23.828835687259257,false, 
534.389892578125,472.33111572265625,0.4911671806784237,0.5626563743308739,67.70942378044128,1626065251.4680007,25.010906445476717,false, 
531.99658203125,471.5378112792969,0.4889674467198989,0.5633909154821326,67.75040102005005,1626065251.5040116,24.40379121550465,false, 
535.9730834960938,475.67962646484375,0.49262231938979206,0.559555901421441,67.80135726928711,1626065251.5438266,19.624678326455367,false, 
541.1981201171875,475.76171875,0.49742474275476795,0.5594798900462963,67.82837843894958,1626065251.5838537,37.0080204702872,false, 
546.1782836914062,474.3413391113281,0.502002098981072,0.5607950563783999,67.8638334274292,1626065251.6238134,28.204775770128236,false, 
552.3029174804688,472.5442810058594,0.507631357978372,0.5624589990686487,67.92027831077576,1626065251.6638806,17.716397673465767,false, 
549.4720458984375,472.324462890625,0.5050294539507698,0.5626625343605325,67.98620629310608,1626065251.7039945,15.168066193648245,false, 
549.0016479492188,470.3865051269531,0.5045971028945025,0.5644569396972656,68.01016664505005,1626065251.7438316,41.735613998427816,false, 
552.2583618164062,470.8402404785156,0.5075904060812557,0.5640368143717448,68.04507374763489,1626065251.7797844,28.647465012874715,false, 
557.2201538085938,471.3424377441406,0.5121508766623104,0.5635718169035735,68.10291934013367,1626065251.8197896,17.287401801980035,false, 
569.800537109375,470.8494873046875,0.5237137289608226,0.5640282524956597,68.12785291671753,1626065251.8598015,40.10656059055833,false, 
576.3272705078125,470.1263122558594,0.5297125648049748,0.5646978590223524,68.15079188346863,1626065251.8998637,43.59394260650848,false, 
584.2332763671875,470.1667175292969,0.5369791143080768,0.5646604467321326,68.24753308296204,1626065251.9398527,10.336857566750952,false, 
586.0965576171875,471.1766357421875,0.5386916889863855,0.5637253372757522,68.3293149471283,1626065251.9798574,12.227649860940243,false, 
590.0017700195312,471.1946105957031,0.5422810386208927,0.5637086938928675,68.3832495212555,1626065252.0161645,18.540982592013012,false, 
596.2791748046875,469.2840270996094,0.5480507121366613,0.5654777526855469,68.39823031425476,1626065252.0558317,66.75214056084286,false, 
599.4786987304688,472.2788391113281,0.5509914510390338,0.5627047786006221,68.42831110954285,1626065252.0958154,33.24380191490711,false, 
598.2005004882812,471.5772399902344,0.5498166364781997,0.5633544074164496,68.45524001121521,1626065252.1358576,37.13482310443744,false, 
604.0553588867188,471.5537414550781,0.5551979401532341,0.5633761653193721,68.4772036075592,1626065252.1759706,45.529884283884414,false, 
603.9560546875,472.2810363769531,0.5551066679113051,0.5627027440954138,68.4891939163208,1626065252.2160087,83.40068799586408,false, 
608.5115966796875,471.7966003417969,0.5592937469482422,0.5631512959798177,68.49421906471252,1626065252.2561805,198.99909854343596,false, 
605.937255859375,472.13299560546875,0.5569276248707491,0.5628398188838253,68.5901505947113,1626065252.2958055,10.424101439982504,false, 
590.413818359375,473.6181945800781,0.5426597595214844,0.5614646346480758,68.60915565490723,1626065252.3358026,52.61756551628969,false, 
587.8637084960938,474.0071716308594,0.5403159085442039,0.5611044707121673,68.63012099266052,1626065252.3678246,47.69777676693012,false, 
572.9151611328125,476.6451416015625,0.5265764348647174,0.5586619059244792,68.67111420631409,1626065252.4078746,24.39428165966802,false, 
577.5248413085938,480.4670715332031,0.5308132732615751,0.5551230819137007,68.69111514091492,1626065252.4478335,49.99766360710454,false, 
579.8779296875,481.4184265136719,0.5329760383157169,0.554242197672526,68.74098181724548,1626065252.4878016,20.053472049570654,false, 
586.0691528320312,476.064208984375,0.5386665007647347,0.5591998064959491,68.76890707015991,1626065252.5278115,35.80988158153116,false, 
569.0140380859375,477.41717529296875,0.5229908438289866,0.5579470599139178,68.81877422332764,1626065252.5678334,20.053280295279166,false, 
568.1007080078125,478.9105529785156,0.5221513860365924,0.5565643027976708,68.87163281440735,1626065252.6078134,18.918400577343768,false, 
571.3982543945312,479.5074462890625,0.5251822191126206,0.5560116238064237,68.93645977973938,1626065252.6478815,15.425679651641756,false, 
571.108154296875,476.5666809082031,0.5249155829934513,0.5587345547146267,68.97934556007385,1626065252.6878307,23.317752229313527,false, 
572.44970703125,476.9075012207031,0.5261486277860754,0.5584189803512007,69.00926661491394,1626065252.7238307,33.421281614049626,false, 
576.398681640625,475.42987060546875,0.5297782000373391,0.5597871568467883,69.04118132591248,1626065252.7637935,31.333512625130734,false, 
578.8925170898438,470.0024719238281,0.5320703282075769,0.5648125259964554,69.07363772392273,1626065252.8038607,30.810566215144124,false, 
579.1876831054688,470.6549072265625,0.5323416205013499,0.5642084192346644,69.0961320400238,1626065252.8439167,44.45567473608344,false, 
587.6622314453125,471.1841125488281,0.5401307274313534,0.5637184143066406,69.12612962722778,1626065252.8838234,33.336014433432155,false, 
588.2523193359375,471.0719909667969,0.5406730876249426,0.5638222305862992,69.19805860519409,1626065252.9240017,13.902602654362727,false, 
588.4263305664062,465.8670349121094,0.5408330244176528,0.5686416343406395,69.22404098510742,1626065252.9640458,38.487621354768855,false, 
591.2486572265625,466.8072204589844,0.543427074656767,0.5677710921676071,69.24598240852356,1626065253.0038207,45.57589455497723,false, 
600.4609985351562,467.26544189453125,0.5518943001242245,0.5673468130606192,69.30083656311035,1626065253.0438125,18.230159730522654,false, 
601.0438232421875,467.7967224121094,0.5524299845975988,0.5668548866554544,69.32377505302429,1626065253.0838964,43.59484882186029,false, 
600.7266235351562,467.3639221191406,0.5521384407492245,0.5672556276674624,69.36466550827026,1626065253.1241097,24.4555849032401,false, 
598.04833984375,468.9138488769531,0.5496767829446232,0.5658205102991174,69.41253781318665,1626065253.1598077,20.888904383164583,false, 
597.0062255859375,470.5064392089844,0.5487189573400161,0.5643458896213107,69.44345617294312,1626065253.1999204,32.34324226370864,false, 
596.6107788085938,471.34674072265625,0.5483554952284869,0.5635678326642072,69.49033093452454,1626065253.2438097,21.333441840829675,false, 
599.6512451171875,469.7965087890625,0.5511500414680032,0.5650032326027199,69.524240732193,1626065253.2798166,29.490001968670022,false, 
603.818359375,472.0706787109375,0.5549801097196692,0.5628975197120949,69.57809638977051,1626065253.3198216,18.56815133230332,false, 
610.2117309570312,472.6541748046875,0.5608563703649184,0.5623572455512154,69.60509657859802,1626065253.3598125,37.03677801619469,false, 
621.2523803710938,474.1478271484375,0.5710040260763729,0.5609742341218171,69.67309045791626,1626065253.4038644,14.707206148947883,false, 
619.0025024414062,474.447998046875,0.568936123567469,0.5606962981047454,69.69702649116516,1626065253.4398155,41.77801683350764,false, 
619.9923095703125,473.2020568847656,0.5698458727668313,0.5618499473289207,69.71898913383484,1626065253.4798334,45.531861308321936,false, 
620.20361328125,465.0809326171875,0.570040085736443,0.5693695068359375,69.7598807811737,1626065253.5198054,24.454871962311675,false, 
632.2460327148438,379.5498962402344,0.5811084859511432,0.6485649108886719,69.81373691558838,1626065253.5598395,18.567986931634564,false, 
573.7950439453125,246.5689697265625,0.5273851506850299,0.7716953984013311,69.83966779708862,1626065253.6001854,38.564057299424434,false, 
586.4097290039062,268.87164306640625,0.5389795303344727,0.7510447749385127,69.88155508041382,1626065253.6398225,23.87359409862939,false, 
591.9517822265625,284.55657958984375,0.5440733292523552,0.7365216855649594,69.92843103408813,1626065253.6800704,21.332899314385692,false, 
604.205322265625,323.77801513671875,0.5553357741411995,0.7002055415400752,69.97530603408813,1626065253.7198265,21.333333333333332,false, 
603.6016845703125,435.4840087890625,0.5547809600830078,0.5967740659360532,70.00223398208618,1626065253.7598364,37.136138263210086,false, 
598.3190307617188,453.44598388671875,0.5499255797442268,0.5801426075122975,70.04312467575073,1626065253.7998717,24.4554423117289,false, 
593.3956298828125,457.246826171875,0.5454003951128792,0.5766233091001157,70.09109711647034,1626065253.8398297,20.845301698217295,false, 
594.0106201171875,464.9541320800781,0.545965643490062,0.5694869147406685,70.11710095405579,1626065253.8800695,38.4558623977702,false, 
578.3214721679688,467.0158386230469,0.5315454707426184,0.5675779272008825,70.16804075241089,1626065253.9158075,19.63101606780962,false, 
582.990966796875,471.61517333984375,0.5358372856588924,0.5633192839445891,70.21496176719666,1626065253.9560044,21.312412030426675,false, 
583.2670288085938,468.2746276855469,0.5360910191255457,0.5664123817726419,70.23889803886414,1626065253.9958096,41.77760070122316,false, 
588.0833129882812,471.39349365234375,0.5405177509083468,0.5635245429144966,70.27978825569153,1626065254.0398395,24.45572749641412,false, 
587.9439086914062,469.87640380859375,0.5403896219590131,0.5649292557327836,70.33165001869202,1626065254.0798216,19.282028649712217,false, 
584.368408203125,473.5984191894531,0.5371033163631663,0.5614829451949508,70.36556029319763,1626065254.1198616,29.489587288195178,false, 
574.8882446289062,476.5133056640625,0.5283899307250977,0.5587839762369792,70.4154269695282,1626065254.1598616,20.053472049570654,false, 
577.0128784179688,476.5184020996094,0.5303427191341624,0.5587792573151765,70.44335198402405,1626065254.1998146,35.81018731963868,false, 
576.4535522460938,474.2854309082031,0.5298286325791303,0.5608468232331453,70.47925662994385,1626065254.2398224,27.851548856203724,false, 
579.3773193359375,474.9305725097656,0.5325159185072955,0.5602494698983651,70.52114462852478,1626065254.2757998,23.87318644665919,false, 
590.9165649414062,474.7081298828125,0.5431218427770278,0.5604554352936921,70.58405232429504,1626065254.3158014,15.896306290600105,false, 
590.8872680664062,469.5124816894531,0.5430949155022117,0.5652662206579138,70.60399913787842,1626065254.3639116,50.133320583770605,false, 
594.5285034179688,470.3572692871094,0.5464416391709271,0.5644840099193431,70.64289498329163,1626065254.4038737,25.7096867127209,false, 
598.1539306640625,465.5711975097656,0.5497738333309398,0.5689155578613281,70.68378567695618,1626065254.4438155,24.4554423117289,false, 
599.7251586914062,463.8674621582031,0.5512179767384249,0.5704930905942563,70.72766995429993,1626065254.4839497,22.787204450625868,false, 
595.8675537109375,466.7256164550781,0.547672383925494,0.5678466514304832,70.76357340812683,1626065254.5238276,27.852473603824954,false, 
596.4815673828125,467.0384216308594,0.5482367347268498,0.5675570170084636,70.80845308303833,1626065254.5638144,22.281801327036373,false, 
600.827392578125,467.9713439941406,0.5522310593548942,0.5666932000054253,70.84635257720947,1626065254.6041806,26.38557642707062,false, 
601.0542602539062,468.6354064941406,0.5524395774392521,0.5660783273202401,70.88724374771118,1626065254.6438177,24.45515713369483,false, 
603.0084228515625,469.3233337402344,0.5542356827679802,0.5654413576479311,70.93012928962708,1626065254.6839435,23.317881862404448,false, 
608.609130859375,472.3495178222656,0.5593833923339844,0.5626393353497541,70.96304154396057,1626065254.7240374,30.383819651705252,false, 
608.60791015625,473.4745788574219,0.5593822703642004,0.5615976121690538,71.01390552520752,1626065254.7642145,19.66027777387163,false, 
600.7479858398438,473.98541259765625,0.5521580752204446,0.561124617965133,71.05579352378845,1626065254.8039496,23.87318644665919,false, 
594.7464599609375,471.3145751953125,0.5466419668758616,0.5635976155598958,71.08770871162415,1626065254.8359797,31.333044478642183,false, 
593.3283081054688,472.0166015625,0.5453385184792912,0.5629475911458333,71.1186261177063,1626065254.8758106,32.34423991918382,false, 
586.9257202148438,471.6137390136719,0.5394537869621726,0.5633206120243779,71.16051411628723,1626065254.9158175,23.87318644665919,false, 
584.16064453125,395.2742004394531,0.5369123571059283,0.6340053699634693,71.19941091537476,1626065254.9559205,25.709056360905944,false, 
580.5125122070312,314.2184143066406,0.5335592943079331,0.7090570237901476,71.23830699920654,1626065254.9958196,25.70952912186929,false, 
608.2801513671875,277.56005859375,0.5590810214771944,0.7429999457465277,71.27620553970337,1626065255.0398285,26.386240390543414,false, 
605.5557250976562,238.38868713378906,0.5565769532147575,0.7792697341353805,71.31510257720947,1626065255.0719986,25.708898777781865,false, 
606.9945068359375,236.46295166015625,0.5578993629006779,0.7810528225368923,71.3559935092926,1626065255.1118386,24.455299721880486,false, 
538.07177734375,250.49803161621094,0.49455126594094667,0.768057378133138,71.41534209251404,1626065255.1518075,16.84960188971823,false, 
611.7935791015625,281.9906921386719,0.5623102749095243,0.7388975072790076,71.44022226333618,1626065255.1918335,40.19265008863974,false, 
845.1868286132812,282.8145446777344,0.7768261292401482,0.7381346808539497,71.47712349891663,1626065255.2318316,27.09936359231142,false, 
999.472412109375,393.65191650390625,0.9186327317181755,0.6355074847186053,71.51402473449707,1626065255.2718415,27.09936359231142,false, 
928.51806640625,364.3675231933594,0.853417340446921,0.6626226637098525,71.57793474197388,1626065255.3120296,15.64700176827403,false, 
913.6715087890625,358.3262634277344,0.8397716073428884,0.6682164227520978,71.60189318656921,1626065255.3517966,41.73893660002587,false, 
901.04052734375,362.5619812011719,0.828162249396829,0.6642944618507668,71.63496589660645,1626065255.3918896,30.236409380248997,false, 
990.8786010742188,355.9773254394531,0.9107340083402746,0.6703913653338397,71.68092632293701,1626065255.4321165,21.75784865021891,false, 
681.5023803710938,188.8772735595703,0.6263808643116671,0.8251136355929904,71.71450114250183,1626065255.4718034,29.784225588149663,false, 
752.6997680664062,201.97459411621094,0.6918196397669175,0.8129864869294343,71.755943775177,1626065255.5120306,24.129741173492576,false, 
776.2169799804688,310.8962707519531,0.7134347242467544,0.7121330826370804,71.79500651359558,1626065255.5519135,25.599843750953667,false, 
786.7852783203125,340.0435791015625,0.7231482337502873,0.68514483416522,71.8279173374176,1626065255.5919278,30.385140323678986,false, 
664.6258544921875,352.9081115722656,0.6108693515553194,0.67323323002568,71.86790585517883,1626065255.6277966,25.007178459850707,false, 
625.330078125,438.4264221191406,0.5747519100413603,0.5940496091489439,71.9138765335083,1626065255.6678295,21.75299639550865,false, 
592.4219970703125,471.6930847167969,0.5445055120131549,0.5632471437807436,71.94588351249695,1626065255.7078245,31.243186067472642,false, 
581.4979858398438,463.1239013671875,0.5344650605145622,0.5711815728081597,71.99091696739197,1626065255.7478206,22.205713559645073,false, 
583.7886962890625,467.880859375,0.5365704929127413,0.5667769820601851,72.03791046142578,1626065255.7879245,21.27954136120342,false, 
574.029541015625,460.9913024902344,0.5276006810805377,0.5731562013979311,72.06989359855652,1626065255.8279245,31.266476328207116,false, 
564.4033203125,453.8090515136719,0.5187530517578125,0.5798064337836372,72.10688734054565,1626065255.8678505,27.031599028118816,false, 
566.3349609375,321.8824462890625,0.5205284567440257,0.7019606978804978,72.1508641242981,1626065255.9078195,22.739270921432134,false, 
521.4160766601562,239.97938537597656,0.479242717518526,0.7777968653926143,72.18491911888123,1626065255.9478056,29.36426836183902,false, 
469.1807556152344,245.44985961914062,0.4312323121463551,0.7727316114637587,72.22689151763916,1626065255.9878244,23.82518106166037,false, 
647.1647338867188,287.6806945800781,0.5948205274694106,0.7336289864999277,72.2698712348938,1626065256.0240395,23.266788705830145,false, 
695.1569213867188,318.4183044433594,0.6389309939216165,0.7051682366265191,72.30487823486328,1626065256.0638025,28.56571545324525,false, 
694.92529296875,367.8775634765625,0.6387181001551011,0.6593726264105904,72.34486842155457,1626065256.1038527,25.006134823020194,false, 
758.0369262695312,425.90667724609375,0.6967251160565544,0.6056419655128762,72.38487792015076,1626065256.1439314,24.994064786785213,false, 
701.4031372070312,373.85382080078125,0.6446720011094037,0.6538390548140914,72.45229959487915,1626065256.1839817,14.83202551743892,false, 
719.6929931640625,253.89944458007812,0.661482530481675,0.7649079216851129,72.46925401687622,1626065256.2240436,58.981662729215884,false, 
1033.08544921875,377.30169677734375,0.9495270672966453,0.650646577058015,72.50815010070801,1626065256.2678428,25.70952912186929,false, 
924.6201782226562,349.2712097167969,0.8498347226311179,0.6766007317437066,72.54405403137207,1626065256.3038638,27.852103697407564,false, 
913.6984252929688,322.3260803222656,0.8397963467766257,0.7015499256275318,72.5829508304596,1626065256.3438256,25.709056360905944,false, 
856.8253173828125,296.5064697265625,0.7875232696533203,0.7254569724754051,72.63286566734314,1626065256.3840475,20.034123367628656,false, 
815.6085205078125,309.6954040527344,0.7496401842902688,0.7132449962474682,72.66086530685425,1626065256.4240975,35.714745527465325,false, 
715.0955200195312,342.34375,0.6572569117826574,0.6830150462962963,72.71481609344482,1626065256.4638546,18.5354109401377,false, 
638.692138671875,395.9609375,0.5870332156910616,0.6333695023148148,72.74580121040344,1626065256.5038395,32.273558990774156,false, 
606.4959106445312,427.0605163574219,0.5574410943424001,0.6045735959653501,72.78225588798523,1626065256.5438385,27.431322023256726,false, 
590.7507934570312,433.3408508300781,0.5429694792803597,0.5987584714536314,72.8201551437378,1626065256.5798306,26.38574241480615,false, 
587.224853515625,446.9267272949219,0.5397287256577435,0.5861789562084057,72.87002229690552,1626065256.6198075,20.053280295279166,false, 
590.754638671875,446.0307312011719,0.5429730134851792,0.5870085822211372,72.91190981864929,1626065256.6598296,23.87345821309245,false, 
585.7645263671875,451.2607727050781,0.5383865132051355,0.5821659511990017,72.93883895874023,1626065256.6998234,37.134494329299066,false, 
566.7322387695312,458.0878601074219,0.5208936018102309,0.5758445739746094,72.9797294139862,1626065256.7399795,24.4555849032401,false, 
561.1976928710938,465.02349853515625,0.51580670300652,0.569422686541522,73.01862573623657,1626065256.7798386,25.70937153294962,false, 
564.5465698242188,461.2665710449219,0.5188847149119657,0.5729013231065538,73.06151103973389,1626065256.8198135,23.318011496936744,false, 
565.1597900390625,460.6361083984375,0.5194483364329618,0.5734850848162616,73.11237573623657,1626065256.8557966,19.66000131244668,false, 
570.3095092773438,455.30401611328125,0.5241815342622644,0.5784222073025174,73.14229559898376,1626065256.8958485,33.42261321348601,false, 
576.9645385742188,451.9669189453125,0.5302982891307157,0.5815121120876736,73.17720222473145,1626065256.9358156,28.647856347628903,false, 
573.7952270507812,449.8171691894531,0.5273853189804975,0.5835026211208767,73.24103307723999,1626065256.9759877,15.666405205321858,false, 
573.2584838867188,443.1053466796875,0.5268919888664695,0.589717271592882,73.25698947906494,1626065257.0157886,62.67077070196934,false, 
540.9307861328125,317.88470458984375,0.4971790313720703,0.7056623105649595,73.29788041114807,1626065257.0557966,24.455299721880486,false, 
569.9632568359375,219.20245361328125,0.5238632875330308,0.7970347651728877,73.39761519432068,1626065257.0958107,10.026592209754302,false, 
565.8402099609375,220.45584106445312,0.5200737223905676,0.7958742212366174,73.41955614089966,1626065257.1358275,45.57688504460648,false, 
601.5111694335938,244.41419982910156,0.552859530729406,0.7736905557137949,73.44648480415344,1626065257.1717956,37.135151885397576,false, 
672.1417236328125,290.1143798828125,0.6177773195154527,0.731375574182581,73.46842646598816,1626065257.2118566,45.57539932630664,false, 
709.4849243164062,379.1144714355469,0.6521001142614028,0.6489680820041233,73.49435710906982,1626065257.2517996,38.564411875580404,false, 
693.1339111328125,379.5879821777344,0.6370716094970703,0.6485296461317274,73.55320048332214,1626065257.2917845,16.99426677525354,false, 
680.4735717773438,387.584716796875,0.6254352681777057,0.6411252622251158,73.58910369873047,1626065257.3318155,27.852658560718247,false, 
665.2550048828125,401.2287902832031,0.6114476147819968,0.628491860848886,73.61503505706787,1626065257.3758206,38.563348166672796,false, 
631.8806762695312,419.34014892578125,0.5807726803947898,0.6117220843279803,73.66390490531921,1626065257.4157977,20.462514940846443,false, 
605.5471801757812,446.5718994140625,0.5565690994262695,0.5865075005425346,73.71587872505188,1626065257.4558287,19.240456159343836,false, 
590.8698120117188,446.7872314453125,0.5430788713343003,0.586308119032118,73.73587203025818,1626065257.4925165,50.016742588661785,false, 
592.1485595703125,441.5971374511719,0.5442541907815373,0.5911137616192853,73.77186036109924,1626065257.5318265,27.786784677964306,false, 
596.72314453125,441.3890686035156,0.5484587725471047,0.5913064179597077,73.8883285522461,1626065257.5719976,8.58603529558672,false, 
598.4036254882812,454.9732666015625,0.5500033322502585,0.5787284568504051,73.90428590774536,1626065257.6119394,62.66702525026147,false, 
601.95361328125,460.6923522949219,0.5532661886776195,0.5734330071343317,73.91226482391357,1626065257.6520195,125.33030538456941,false, 
599.3406372070312,456.03570556640625,0.5508645562564626,0.5777447170681423,73.95814180374146,1626065257.6922677,21.797424410930144,false, 
598.603271484375,455.6478271484375,0.5501868304084329,0.5781038637514467,73.98407244682312,1626065257.7280326,38.564411875580404,false, 
585.8910522460938,462.12957763671875,0.5385028053732479,0.5721022429289642,74.02197194099426,1626065257.7680106,26.38557642707062,false, 
582.746337890625,463.208984375,0.5356124429141774,0.5711027922453704,74.06388235092163,1626065257.8078265,23.860420399920358,false, 
583.8394775390625,463.9422912597656,0.536617166855756,0.5704238043891059,74.08992624282837,1626065257.8478146,38.396719030356294,false, 
586.4906005859375,465.2217712402344,0.5390538608326632,0.5692391007034867,74.12833142280579,1626065257.8878014,26.03815424346455,false, 
586.1640625,462.33367919921875,0.5387537339154411,0.5719132600007234,74.18218803405762,1626065257.9278364,18.56782253387696,false, 
564.6006469726562,462.6636657714844,0.5189344181733972,0.5716077168782552,74.20911645889282,1626065257.9678166,37.135480672179625,false, 
571.4126586914062,462.0719299316406,0.525195458356072,0.5721556204336661,74.25100421905518,1626065258.0078285,23.873322329102397,false, 
575.00048828125,463.81854248046875,0.5284930958467371,0.5705383865921585,74.2899010181427,1626065258.0478096,25.709056360905944,false, 
577.9725952148438,465.1589660644531,0.531224811778349,0.5692972536440248,74.32380986213684,1626065258.0878665,29.490831364607942,false, 
574.0379028320312,464.2146301269531,0.5276083665735581,0.5701716387713397,74.36869096755981,1626065258.1280384,22.281091131238547,false, 
562.1084594726562,465.0706481933594,0.5166438046623679,0.5693790294505932,74.40459489822388,1626065258.1678445,27.852103697407564,false, 
565.25830078125,468.90179443359375,0.5195388793945312,0.5658316718207466,74.44349098205566,1626065258.2039084,25.70952912186929,false, 
566.46044921875,467.7533264160156,0.5206437952378217,0.5668950681333189,74.48637628555298,1626065258.2438197,23.318011496936744,false, 
566.4945678710938,467.45452880859375,0.5206751542932847,0.5671717325846355,74.53524661064148,1626065258.2838106,20.46231528415383,false, 
571.0010375976562,466.8750915527344,0.5248171301449046,0.567708248562283,74.57613778114319,1626065258.3240035,24.45515713369483,false, 
576.1002197265625,466.1508483886719,0.5295038784251493,0.5683788440845631,74.6090497970581,1626065258.3640254,30.38403975572829,false, 
566.8394775390625,471.5491943359375,0.520992166855756,0.5633803756148728,74.6489429473877,1626065258.4038727,25.06695991011451,false, 
561.25048828125,471.60333251953125,0.5158552281996783,0.5633302476671007,74.69382309913635,1626065258.4478045,22.281564590073362,false, 
562.1382446289062,473.94049072265625,0.5166711807250977,0.5611662122938368,74.72972822189331,1626065258.4878826,27.85117897434876,false, 
563.3356323242188,473.324462890625,0.5177717208862305,0.5617366084346065,74.7696213722229,1626065258.5278003,25.06695991011451,false, 
563.5833129882812,473.7560729980469,0.5179993685554055,0.5613369694462529,74.80951595306396,1626065258.5638416,25.066061076913883,false, 
567.6980590820312,473.19189453125,0.5217813043033376,0.5618593569155093,74.84242749214172,1626065258.6039765,30.384479973341254,false, 
577.7982177734375,472.33270263671875,0.5310645383947036,0.5626549049660012,74.88631010055542,1626065258.6438365,22.788071086674236,false, 
580.542236328125,473.0541687011719,0.5335866142721737,0.5619868808322482,74.92819809913635,1626065258.6840475,23.87318644665919,false, 
583.90478515625,473.5909729003906,0.5366771922392004,0.5614898399070457,74.9780662059784,1626065258.7238445,20.05289679769748,false, 
594.5004272460938,473.0876159667969,0.546415833865895,0.5619559111418547,75.01097679138184,1626065258.7639306,30.385360446836717,false, 
591.4021606445312,473.0271911621094,0.5435681623571059,0.5620118600350839,75.04488635063171,1626065258.8038166,29.490209313280882,false, 
588.3480834960938,473.86712646484375,0.5407611061544979,0.5612341421621817,75.08677530288696,1626065258.8438826,23.872642932354363,false, 
586.7510986328125,472.702392578125,0.5392932891845703,0.5623125994646991,75.12467360496521,1626065258.8838246,26.386406386632864,false, 
590.3853149414062,473.9967346191406,0.5426335615270278,0.5611141346119068,75.16356992721558,1626065258.9238307,25.70937153294962,false, 
589.4584350585938,471.8675231933594,0.541781649870031,0.5630856266728155,75.21543192863464,1626065258.9638155,19.28194000689576,false, 
592.8466796875,471.98919677734375,0.544895845301011,0.5629729659469039,75.24535202980042,1626065259.0040016,33.422346885110045,false, 
592.7794799804688,470.3400573730469,0.5448340808644014,0.5644999468768084,75.28325057029724,1626065259.0398166,26.386240390543414,false, 
592.0811767578125,470.57257080078125,0.54419225804946,0.5642846566659433,75.3181586265564,1626065259.0797987,28.646682375439674,false, 
593.3095092773438,470.8135986328125,0.5453212401446175,0.5640614827473958,75.36303853988647,1626065259.1198297,22.28168295792605,false, 
594.98388671875,470.1578063964844,0.5468601899988511,0.564668697781033,75.39994025230408,1626065259.1598256,27.099013419306488,false, 
597.1834106445312,471.3625183105469,0.5488818112541648,0.5635532237865306,75.44980692863464,1626065259.1998045,20.053472049570654,false, 
589.7241821289062,470.68243408203125,0.5420259026920095,0.5641829314055267,75.47673439979553,1626065259.2318444,37.13679587753006,false, 
566.43896484375,474.65203857421875,0.5206240485696232,0.5605073716905382,75.52460765838623,1626065259.2718344,20.8884882591698,false, 
562.697998046875,475.10028076171875,0.5171856599695542,0.5600923326280383,75.5605115890503,1626065259.3118255,27.852103697407564,false, 
567.93798828125,478.11669921875,0.5220018274643842,0.5572993525752314,75.60838532447815,1626065259.3518643,20.888280203389492,false, 
570.2715454101562,479.2222900390625,0.5241466410019818,0.5562756573712384,75.6353120803833,1626065259.3918154,37.13778234268056,false, 
561.2935180664062,478.4062194824219,0.5158947776345646,0.5570312782570168,75.67520642280579,1626065259.4318106,25.066210877970942,false, 
553.088623046875,472.78826904296875,0.5083535138298484,0.5622330842194734,75.72607040405273,1626065259.4718316,19.66027777387163,false, 
553.1863403320312,468.3326416015625,0.5084433275110581,0.5663586651837385,75.75698757171631,1626065259.5118344,32.34448934266942,false, 
544.0554809570312,465.97735595703125,0.5000509935266831,0.568539485224971,75.80486154556274,1626065259.5518045,20.888176177053555,false, 
542.8414916992188,455.5713806152344,0.49893519457648783,0.5781746475784867,75.83777236938477,1626065259.5918586,30.385140323678986,false, 
544.2301025390625,421.0100402832031,0.5002114913042854,0.6101758886266637,75.87666893005371,1626065259.6278067,25.70921394596185,false, 
534.1102905273438,361.5228271484375,0.49091019349939685,0.6652566415292245,75.91955471038818,1626065259.6678066,23.317752229313527,false, 
574.2540893554688,261.7901306152344,0.5278070674223059,0.75760173091182,75.95346403121948,1626065259.7077975,29.490416660807448,false, 
594.8778686523438,271.0985412597656,0.5467627469231101,0.7489828321668837,76.00731992721558,1626065259.7477877,18.568069131605043,false, 
583.580810546875,273.936279296875,0.5363794214585248,0.7463552969473379,76.04920935630798,1626065259.7879195,23.872371184482375,false, 
627.024658203125,258.6348571777344,0.5763094284955192,0.7605232803909867,76.07015228271484,1626065259.8279386,47.74881888867385,false, 
637.9812622070312,223.81101989746094,0.5863798365873449,0.7927675741690177,76.10907649993896,1626065259.8678164,26.366833254754045,false, 
688.5946044921875,261.988037109375,0.6328994526582605,0.7574184841579861,76.14706468582153,1626065259.9079885,25.65025471046178,false, 
854.160888671875,313.2698669433594,0.7850743462057674,0.7099353083857783,76.18904614448547,1626065259.9477887,23.82003941323126,false, 
845.422607421875,348.5414733886719,0.7770428377039292,0.6772764135290075,76.22309494018555,1626065259.9877956,29.3696143854465,false, 
837.1843872070312,372.4740905761719,0.7694709441241097,0.6551165827998409,76.26704239845276,1626065260.0238576,23.283062438937737,false, 
827.69482421875,378.8553161621094,0.760748919318704,0.6492080405906395,76.32465028762817,1626065260.0638585,17.06319515072617,false, 
797.7921142578125,389.2116394042969,0.7332648108987248,0.6396188524034288,76.34709668159485,1626065260.1078265,44.55058578605797,false, 
707.4216918945312,415.5041809082031,0.6502037609324736,0.6152739065664785,76.39100480079651,1626065260.1479094,22.774831128776526,false, 
608.8347778320312,449.4927673339844,0.5595907884485581,0.5838029932092736,76.42456793785095,1626065260.1878066,29.794592751502407,false, 
594.1699829101562,462.0217590332031,0.5461121166453642,0.5722020749692563,76.4629716873169,1626065260.2237694,26.039124145594965,false, 
601.5324096679688,464.6173095703125,0.5528790530036477,0.5697987874348958,76.50393724441528,1626065260.2641754,24.41075066056733,false, 
589.5404663085938,460.328369140625,0.5418570462395164,0.5737700285734953,76.54696202278137,1626065260.3038285,23.242420716062927,false, 
597.003173828125,455.413818359375,0.548716152415556,0.5783205385561343,76.58940267562866,1626065260.3440354,23.56231426500907,false, 
593.6893920898438,455.8294677734375,0.5456703971414005,0.5779356779875578,76.62730145454407,1626065260.3838234,26.386074396542504,false, 
561.4209594726562,462.68402099609375,0.5160119112800149,0.5715888694480613,76.66719484329224,1626065260.4238536,25.066810100104586,false, 
562.3968505859375,467.56512451171875,0.5169088700238396,0.567069329155816,76.7030999660492,1626065260.4639285,27.85117897434876,false, 
561.1041259765625,468.8958740234375,0.5157207040225759,0.5658371536820024,76.74598550796509,1626065260.5040646,23.317881862404448,false, 
568.3428955078125,466.8066101074219,0.5223739848417395,0.5677716573079428,76.78794455528259,1626065260.5438354,23.83276227491491,false, 
573.2301025390625,464.370361328125,0.5268659030689913,0.570027443214699,76.82443833351135,1626065260.5838115,27.40193119308011,false, 
568.18115234375,465.6022644042969,0.5222253238453585,0.5688867922182437,76.86291670799255,1626065260.6240346,25.98862383047277,false, 
568.7924194335938,471.17486572265625,0.5227871502147001,0.5637269761827257,76.90991187095642,1626065260.6640127,21.278785665002637,false, 
572.0932006835938,468.54827880859375,0.525820956510656,0.5661590011031539,76.94494867324829,1626065260.7038324,28.541417440713143,false, 
574.06201171875,464.6635437011719,0.5276305254767922,0.5697559780544705,76.97991466522217,1626065260.7438626,28.599217226472472,false, 
577.7518920898438,463.8580322265625,0.5310219596414005,0.5705018220124422,77.01991415023804,1626065260.7798376,25.000321869225726,false, 
582.8229370117188,464.1335144042969,0.5356828465181238,0.5702467459219474,77.06388640403748,1626065260.8198035,22.74161348565604,false, 
581.8323364257812,473.70416259765625,0.5347723680384019,0.5613850346317998,77.09788680076599,1626065260.8597915,29.411421519129362,false, 
555.299560546875,478.27960205078125,0.5103856255026424,0.557148516619647,77.14089703559875,1626065260.8998134,23.25027993658466,false, 
557.4589233398438,477.3447265625,0.5123703339520622,0.5580141420717593,77.19131064414978,1626065260.9398108,19.83591392764247,false, 
561.0707397460938,476.50433349609375,0.5156900181489832,0.5587922837999132,77.2162446975708,1626065260.9757898,40.10579359539496,false, 
560.1296997070312,476.8727111816406,0.5148250916424919,0.5584511933503328,77.25514125823975,1626065261.0158277,25.70921394596185,false, 
561.9466552734375,476.21820068359375,0.5164950875674977,0.5590572215892651,77.31897115707397,1626065261.0557926,15.666639275068915,false, 
563.7183837890625,477.2537841796875,0.518123514512006,0.5580983479817708,77.33592534065247,1626065261.0958207,58.982492160144,false, 
574.8826293945312,476.5928039550781,0.5283847696640912,0.558710366708261,77.37980890274048,1626065261.1357956,23.317881862404448,false, 
573.7431030273438,476.1204528808594,0.5273374108707204,0.5591477288140191,77.43067336082458,1626065261.1760035,19.28176272370786,false, 
575.3963012695312,474.478515625,0.5288568945492015,0.560668041087963,77.45859789848328,1626065261.2159116,35.810798811516,false, 
584.6137084960938,472.0096435546875,0.5373287761912626,0.5629540337456598,77.51046109199524,1626065261.2518175,19.281496805038387,false, 
585.668212890625,467.5626525878906,0.5382979897891774,0.5670716179741753,77.53140377998352,1626065261.2919104,47.74936247723133,false, 
587.5130004882812,465.12469482421875,0.5399935666252585,0.5693289862738715,77.5782790184021,1626065261.3318696,21.333224826940782,false, 
587.679443359375,464.19970703125,0.5401465472053079,0.5701854564525464,77.61119151115417,1626065261.3720155,30.383599550871093,false, 
587.2147827148438,458.8394470214844,0.5397194694070255,0.5751486601652922,77.66205525398254,1626065261.4120095,19.660369929407793,false, 
584.4226684570312,460.4795837402344,0.5371531879200655,0.5736300150553386,77.70893096923828,1626065261.4520485,21.333007817466978,false, 
587.7905883789062,461.4935302734375,0.5402487025541418,0.5726911756727431,77.73585915565491,1626065261.4878056,37.13580946478375,false, 
586.1121826171875,461.75628662109375,0.5387060501996208,0.5724478827582465,77.76478099822998,1626065261.5280197,34.575943680084414,false, 
588.5712890625,462.757568359375,0.5409662583295036,0.5715207700376157,77.80666947364807,1626065261.5682256,23.872914686413232,false, 
590.4849243164062,464.5494079589844,0.5427251142614028,0.5698616592972368,77.85553932189941,1626065261.6000166,20.462514940846443,false, 
591.6591796875,467.407958984375,0.5438043930951286,0.5672148527922454,77.88545989990234,1626065261.6397955,33.42181424109135,false, 
593.48388671875,475.2435607910156,0.5454815135282629,0.5599596659342447,77.93133687973022,1626065261.6798065,21.797424410930144,false, 
598.517822265625,482.6398010253906,0.5501082925235524,0.5531112953468605,77.98120450973511,1626065261.7197926,20.05308854465481,false, 
557.6696166992188,485.7333984375,0.512563985936782,0.5502468532986111,78.00613808631897,1626065261.7597985,41.77801683350764,false, 
559.1839599609375,490.4312744140625,0.5139558455523323,0.5458969681351273,78.04902338981628,1626065261.7998197,22.787947277488616,false, 
555.9453735351562,487.3451843261719,0.5109792036168715,0.5487544589572483,78.11784076690674,1626065261.8398166,14.531213514365596,false, 
561.8294067382812,485.29095458984375,0.5163873223697438,0.5506565235279224,78.13479471206665,1626065261.8798244,58.983321614400225,false, 
564.28076171875,482.9808349609375,0.5186404059914982,0.5527955231843171,78.16371750831604,1626065261.9240947,34.57480360396007,false, 
560.7223510742188,482.32720947265625,0.5153698079726275,0.5534007319697627,78.21258735656738,1626065261.9639916,20.462514940846443,false, 
557.4517822265625,481.3591613769531,0.5123637704288259,0.5542970727991174,78.24849128723145,1626065262.0039885,27.852103697407564,false, 
557.106201171875,480.3463134765625,0.5120461407829734,0.5552348949291088,78.28439569473267,1626065262.0439675,27.85173380081544,false, 
558.0310668945312,477.7857666015625,0.5128962011898265,0.5576057716652199,78.33725452423096,1626065262.0838726,18.918315246317196,false, 
559.419921875,470.7798767089844,0.5141727223115808,0.5640927067509405,78.40108442306519,1626065262.1238065,15.666639275068915,false, 
560.2251586914062,469.1228942871094,0.5149128296796013,0.565626949734158,78.42202854156494,1626065262.1639166,47.74610113152563,false, 
566.5299682617188,468.51312255859375,0.5207076914170209,0.5661915531864873,78.45992755889893,1626065262.1958225,26.385908404630097,false, 
575.1668090820312,465.6708068847656,0.5286459642298081,0.5688233269585503,78.4938371181488,1626065262.2359185,29.490209313280882,false, 
581.1600341796875,461.5633544921875,0.5341544431798598,0.572626523618345,78.52176213264465,1626065262.2758234,35.81018731963868,false, 
587.03759765625,462.0318298339844,0.5395566154928768,0.5721927501537182,78.56265306472778,1626065262.3157966,24.455299721880486,false, 
584.933837890625,463.2228088378906,0.5376230127671185,0.571089991816768,78.598557472229,1626065262.3557856,27.85173380081544,false, 
573.8858032226562,464.1309814453125,0.5274685691384708,0.5702490912543403,78.63745331764221,1626065262.3958004,25.7096867127209,false, 
568.127197265625,465.4913635253906,0.5221757327809053,0.5689894782172309,78.67535328865051,1626065262.4358397,26.385244457864673,false, 
575.2864379882812,466.0433654785156,0.5287559172686409,0.5684783652976707,78.73120403289795,1626065262.4758165,17.904864357217562,false, 
578.198974609375,465.8203125,0.5314328810747933,0.5686848958333333,78.76112532615662,1626065262.5159056,33.42101530689487,false, 
516.1824951171875,305.4365539550781,0.47443244036506205,0.7171883759675203,78.80001997947693,1626065262.5559597,25.7104746959592,false, 
528.1043090820312,286.4063415527344,0.48538998996510224,0.7348089430067275,78.83891725540161,1626065262.5959597,25.70874119658958,false, 
565.0252685546875,405.74139404296875,0.5193246953627643,0.6243135240342882,78.87183046340942,1626065262.6358676,30.382939267501158,false, 
571.3447875976562,461.689453125,0.5251330768360811,0.572509765625,78.91072583198547,1626065262.6717904,25.710001900220057,false, 
570.256103515625,462.7319030761719,0.5241324480842141,0.5715445341887297,78.95361089706421,1626065262.7120237,23.31814113291044,false, 
554.3552856445312,364.16455078125,0.5095177257762236,0.6628106011284722,78.98951411247253,1626065262.7518046,27.852658560718247,false, 
555.0891723632812,294.08306884765625,0.5101922540103688,0.727700862178096,79.02741360664368,1626065262.7917905,26.38557642707062,false, 
545.1666870117188,328.56390380859375,0.501072322621065,0.695774163140191,79.07229542732239,1626065262.8281596,22.280736050316605,false, 
577.858154296875,455.1596984863281,0.5311196271110984,0.5785558347348814,79.12116408348083,1626065262.8678176,20.463014099624335,false, 
578.5676879882812,455.5406188964844,0.5317717720480526,0.5782031306514033,79.14709496498108,1626065262.9078166,38.564057299424434,false, 
587.4134521484375,456.59368896484375,0.5399020699893727,0.5772280657732929,79.18499398231506,1626065262.9477997,26.385908404630097,false, 
588.2606811523438,460.37811279296875,0.540680773117963,0.57372396963614,79.22688221931458,1626065262.9878066,23.873050565762814,false, 
590.2798461914062,467.0819091796875,0.5425366233376896,0.5675167507595487,79.26378321647644,1626065263.0278065,27.099538682207605,false, 
592.6559448242188,467.4746398925781,0.5447205375222599,0.5671531112105759,79.31664252281189,1626065263.0678034,18.91814458657333,false, 
593.8267822265625,470.5303955078125,0.5457966748405906,0.5643237078631366,79.34357047080994,1626065263.1039467,37.136138263210086,false, 
591.0531005859375,466.3026428222656,0.543247335097369,0.5682382936830874,79.3834638595581,1626065263.1442175,25.066810100104586,false, 
589.7567749023438,466.7562561035156,0.5420558592852425,0.5678182813856336,79.42339444160461,1626065263.1840365,25.04346164639571,false, 
596.8162231445312,466.395263671875,0.5485443227431354,0.5681525336371528,79.46634268760681,1626065263.2238536,23.28383794646327,false, 
595.234375,469.91693115234375,0.5470904181985294,0.5648917304144965,79.50633215904236,1626065263.2638335,25.006582085280932,false, 
596.3020629882812,469.7565002441406,0.5480717490701115,0.5650402775517216,79.54230880737305,1626065263.3038375,27.795807736402978,false, 
597.6647338867188,474.0081481933594,0.5493242039399988,0.5611035664876303,79.58129572868347,1626065263.3437996,25.64962726955841,false, 
598.9368286132812,473.87646484375,0.5504934086519129,0.5612254955150463,79.62428855895996,1626065263.3799725,23.259692222376266,false, 
593.7171020507812,475.83819580078125,0.5456958658554975,0.5594090779622396,79.66327691078186,1626065263.4200315,25.648686165756533,false, 
576.7616577148438,477.92059326171875,0.5301118177526137,0.5574809321650752,79.70127010345459,1626065263.4640737,26.320504533902294,false, 
574.6636352539062,477.7961120605469,0.5281834882848403,0.5575961925365307,79.73926615715027,1626065263.5000064,26.318522655254853,false, 
576.7689819335938,477.7611389160156,0.5301185495713178,0.5576285750777633,79.77874183654785,1626065263.5398035,25.332052931335422,false, 
583.1651000976562,480.6605224609375,0.5359973346485811,0.5549439606843172,79.8206295967102,1626065263.5797834,23.873322329102397,false, 
583.6170654296875,482.8713684082031,0.5364127439611098,0.5528968811035156,79.85952591896057,1626065263.6198165,25.70937153294962,false, 
587.94677734375,484.5433044433594,0.5403922585880055,0.5513487921820747,79.90839648246765,1626065263.6598186,20.462215457268584,false, 
590.0259399414062,483.99951171875,0.542303253622616,0.5518523039641203,79.94031047821045,1626065263.6998134,31.334214871093778,false, 
591.9328002929688,484.3298645019531,0.5440558826222139,0.5515464217574508,79.98319602012634,1626065263.7398014,23.317881862404448,false, 
592.0692749023438,484.63861083984375,0.544181318844066,0.5512605455186632,80.01810359954834,1626065263.7798097,28.647073688811787,false, 
595.3299560546875,484.1197509765625,0.5471782684326172,0.5517409713179977,80.06298422813416,1626065263.8198125,22.281327858140806,false, 
603.10595703125,487.0542297363281,0.5543253281537224,0.5490238613552517,80.09888744354248,1626065263.8598485,27.852658560718247,false, 
604.5281982421875,489.48883056640625,0.5556325351490694,0.5467696013274016,80.13977861404419,1626065263.8997924,24.45515713369483,false, 
599.8561401367188,487.85137939453125,0.5513383640962488,0.5482857598198785,80.17568325996399,1626065263.9398108,27.851548856203724,false, 
597.7846069335938,487.9601135253906,0.5494343813727883,0.5481850800690827,80.2175714969635,1626065263.9757967,23.873050565762814,false, 
600.6439819335938,488.5635070800781,0.5520624833948472,0.547626382333261,80.25846242904663,1626065264.0158005,24.455299721880486,false, 
599.998046875,488.57952880859375,0.5514687930836397,0.5476115473994503,80.29536366462708,1626065264.0558455,27.09936359231142,false, 
595.8526611328125,486.4286804199219,0.5476586958941292,0.5496030736852575,80.33426022529602,1626065264.0957987,25.70921394596185,false, 
600.0530395507812,484.9813232421875,0.5515193378224093,0.5509432192201967,80.37515020370483,1626065264.1358426,24.455870091250983,false, 
603.7203369140625,483.82916259765625,0.5548900155460134,0.5520100346317998,80.4150447845459,1626065264.1758385,25.066061076913883,false, 
601.4671020507812,484.3372497558594,0.5528190276202034,0.5515395835593895,80.4519464969635,1626065264.2158155,27.099013419306488,false, 
597.999267578125,484.0227355957031,0.549631679759306,0.551830800374349,80.49782299995422,1626065264.2518265,21.79765097183245,false, 
593.3389892578125,483.8872985839844,0.5453483357149012,0.5519562050148292,80.53572225570679,1626065264.2918274,26.38574241480615,false, 
599.455810546875,482.7781677246094,0.5509704141055837,0.5529831780327691,80.5716278553009,1626065264.3318176,27.850809102318077,false, 
599.7269287109375,483.13409423828125,0.5512196035946116,0.5526536164460358,80.61052298545837,1626065264.3718736,25.710159496867682,false, 
600.8936767578125,482.05291748046875,0.5522919823141659,0.553654706036603,80.65041732788086,1626065264.4117856,25.066210877970942,false, 
602.5556640625,481.9026184082031,0.5538195441750919,0.5537938718442563,80.69130825996399,1626065264.4518135,24.455299721880486,false, 
606.885498046875,482.5421142578125,0.557799170998966,0.5532017460575811,80.72920608520508,1626065264.4839675,26.38673838507754,false, 
606.03759765625,482.63787841796875,0.5570198507869945,0.5531130755389178,80.7790732383728,1626065264.5238285,20.053280295279166,false, 
609.038330078125,483.1878662109375,0.5597778769100413,0.5526038275824653,80.83193325996399,1626065264.5718277,18.91788860273058,false, 
610.497314453125,482.27288818359375,0.561118855195887,0.5534510294596354,80.84988498687744,1626065264.6118217,55.70494720764991,false, 
577.67236328125,478.30816650390625,0.5309488633099724,0.5571220680519386,80.89177322387695,1626065264.6518197,23.873050565762814,false, 
580.9053344726562,479.84381103515625,0.5339203441844267,0.555700174967448,80.93066906929016,1626065264.6918106,25.7096867127209,false, 
566.2662963867188,480.19537353515625,0.5204653459436753,0.5553746541341146,80.97455215454102,1626065264.7317924,22.78782346964832,false, 
558.5910034179688,480.8924560546875,0.5134108487297507,0.5547292073567709,81.01544308662415,1626065264.7718146,24.455299721880486,false, 
558.5390625,479.6450500488281,0.5133631089154411,0.5558842129177517,81.05234575271606,1626065264.8118145,27.098313100445147,false, 
562.45654296875,482.0948181152344,0.5169637343462776,0.5536159091525608,81.09223914146423,1626065264.8517966,25.066810100104586,false, 
564.3365478515625,482.560546875,0.5186916800106273,0.5531846788194444,81.14410042762756,1626065264.8918335,19.282205937790202,false, 
565.2852783203125,477.5013732910156,0.5195636749267578,0.5578690988046151,81.1790063381195,1626065264.9318225,28.64844336980725,false, 
563.4365844726562,479.49444580078125,0.5178645077873679,0.5560236612955729,81.21790313720703,1626065264.9718516,25.709056360905944,false, 
563.766357421875,479.4320983886719,0.5181676079245174,0.5560813903808594,81.25281000137329,1626065265.0119016,28.647660678915376,false, 
565.3330078125,482.99957275390625,0.5196075439453125,0.5527781733760126,81.3006820678711,1626065265.0518086,20.88900841675382,false, 
565.1924438476562,478.5608215332031,0.519478349124684,0.5568881282099971,81.33957862854004,1626065265.0918124,25.70921394596185,false, 
549.721435546875,479.17523193359375,0.5052586723776424,0.5563192296911169,81.38545656204224,1626065265.1358385,21.79697130325424,false, 
548.994873046875,478.4405822753906,0.5045908759622013,0.5569994608561197,81.43133354187012,1626065265.1758115,21.797424410930144,false, 
547.9573974609375,479.0553283691406,0.5036373138427734,0.556430251510055,81.45826196670532,1626065265.2160075,37.135480672179625,false, 
550.4750366210938,481.4072265625,0.5059513204237994,0.5542525679976852,81.50214505195618,1626065265.2561185,22.78782346964832,false, 
549.76513671875,482.3659973144531,0.5052988388959099,0.5533648173014323,81.54004383087158,1626065265.2958496,26.386074396542504,false, 
550.9309692382812,481.15850830078125,0.5063703761381262,0.5544828626844618,81.57794332504272,1626065265.3358643,26.38557642707062,false, 
558.915771484375,479.5977783203125,0.5137093487907859,0.5559279830367476,81.61883354187012,1626065265.3759305,24.45572749641412,false, 
561.13818359375,479.9763488769531,0.5157520069795496,0.5555774547435619,81.66171932220459,1626065265.4159985,23.317752229313527,false, 
561.7188110351562,481.10498046875,0.5162856719073128,0.5545324254918982,81.69662618637085,1626065265.4558196,28.647660678915376,false, 
560.232666015625,479.20867919921875,0.514919729793773,0.5562882600007234,81.73951315879822,1626065265.4964175,23.317104085478732,false, 
